1,1,273,1,1,0,0,0,0,0,0,0
1,2,273,0,0,0,0,0,0,0,0,0
1,3,273,0,0,0,0,0,0,0,0,0
1,4,273,0,0,0,0,0,0,0,0,0
1,5,273,0,0,1,1,0,0,0,0,0
1,6,133,1,0,0,0,1,1,0,0,0
1,7,133,0,0,0,1,1,1,0,0,0
1,8,259,1,1,0,0,1,1,0,0,0
1,9,259,0,0,0,0,1,1,0,0,0
1,10,259,0,0,0,0,1,1,0,0,0
1,11,259,0,0,0,0,1,1,0,0,0
1,12,259,0,0,0,0,1,1,0,0,0
1,13,259,0,0,0,0,1,1,0,0,0
1,14,259,0,0,0,0,1,1,0,0,0
1,15,259,0,0,0,0,1,1,0,0,0
1,16,259,0,0,1,1,0,1,0,0,0
1,17,260,1,0,0,0,0,1,0,0,0
1,18,260,0,0,0,1,1,0,0,0,0
1,19,252,1,1,0,0,0,0,0,0,0
1,20,252,0,0,0,0,0,0,0,0,0
1,21,252,0,0,0,0,0,0,0,0,0
1,22,252,0,0,0,0,0,0,0,0,0
1,23,252,0,0,0,0,1,0,0,0,0
1,24,252,0,0,0,0,1,1,0,0,0
1,25,252,0,0,0,0,1,1,0,0,0
1,26,252,0,0,0,0,1,1,0,0,0
1,27,252,0,0,1,1,1,1,0,0,0
1,28,248,1,0,0,0,0,0,0,0,0
1,29,248,0,0,0,0,0,0,0,0,0
1,30,248,0,0,0,0,0,0,0,0,0
1,31,248,0,0,0,1,0,0,0,0,0
2,1,273,1,0,0,0,0,0,0,0,0
2,2,273,0,0,0,0,0,0,0,0,0
2,3,273,0,0,0,0,0,0,0,0,0
2,4,273,0,0,1,1,0,0,0,0,0
2,5,133,1,0,0,0,0,1,0,0,0
2,6,133,0,0,0,0,0,0,0,0,0
2,7,133,0,0,1,1,1,0,0,-1,0
2,8,259,1,0,0,0,0,0,0,0,0
2,9,259,0,0,0,0,0,0,0,0,0
2,10,259,0,0,0,0,0,0,0,0,0
2,11,259,0,0,0,0,0,0,0,0,0
2,12,259,0,0,0,0,0,0,-1,-1,0
2,13,259,0,0,0,0,0,0,0,0,0
2,14,259,0,0,0,0,0,0,0,0,0
2,15,259,0,0,1,1,0,0,0,0,0
2,16,260,1,0,0,0,0,1,0,0,0
2,17,260,0,0,0,0,0,0,-1,-1,0
2,18,260,0,0,0,1,1,0,0,0,0
2,19,252,1,1,1,0,0,0,0,0,0
2,20,252,0,1,0,0,0,0,0,0,0
2,21,252,0,0,0,0,0,0,0,0,0
2,22,252,0,0,0,0,0,0,0,0,0
2,23,252,0,0,0,0,0,0,0,0,0
2,24,252,0,0,0,0,0,0,0,0,0
2,25,252,0,0,0,0,0,0,0,0,0
2,26,252,0,0,0,1,0,0,0,0,0
2,27,248,1,1,1,0,0,1,0,0,0
2,28,248,0,1,1,0,0,0,0,0,0
2,29,248,0,1,1,0,0,0,0,0,0
2,30,248,0,1,1,0,0,0,0,0,0
2,31,248,0,1,1,1,1,0,0,0,0
3,1,273,1,1,0,0,0,0,0,0,0
3,2,273,0,0,0,0,0,0,0,0,0
3,3,273,0,0,0,0,0,0,0,0,0
3,4,273,0,0,1,1,0,0,0,0,0
3,5,133,1,0,0,0,0,1,0,0,0
3,6,133,0,0,0,0,0,0,-1,0,-1
3,7,133,0,0,0,1,0,0,0,0,0
3,8,259,1,1,1,0,0,1,0,0,0
3,9,259,0,1,1,0,0,0,0,0,0
3,10,259,0,1,1,0,0,0,0,0,0
3,11,259,0,1,1,0,0,0,0,0,0
3,12,259,0,1,1,0,0,0,0,0,0
3,13,259,0,1,1,0,0,0,0,0,0
3,14,259,0,1,1,0,0,0,0,0,0
3,15,259,0,1,1,1,0,0,0,0,0
3,16,260,1,1,1,0,0,1,0,0,0
3,17,260,0,1,1,0,0,0,0,0,0
3,18,260,0,1,1,0,0,0,0,0,0
3,19,260,0,1,0,0,1,0,0,0,0
3,20,260,0,0,0,1,1,1,0,0,0
3,21,252,1,1,1,0,0,0,0,0,0
3,22,252,0,1,1,0,0,0,0,0,0
3,23,252,0,1,1,0,0,0,0,0,0
3,24,252,0,1,1,0,0,0,0,0,0
3,25,252,0,1,1,0,0,0,0,0,0
3,26,252,0,1,1,0,0,0,0,0,0
3,27,252,0,1,1,1,1,0,0,0,0
3,28,262,1,0,0,0,1,1,0,0,0
3,29,262,0,0,0,0,1,1,0,0,0
3,30,262,0,0,0,0,1,1,0,0,0
3,31,262,0,0,0,1,1,1,0,0,0
4,1,273,1,0,0,0,0,0,0,0,0
4,2,273,0,0,0,0,0,0,0,0,0
4,3,273,0,0,0,1,0,0,0,0,0
4,4,133,1,1,0,0,0,1,0,0,0
4,5,133,0,0,0,0,0,0,0,0,0
4,6,133,0,0,0,0,0,0,0,0,0
4,7,133,0,0,1,1,1,0,0,0,0
4,8,135,1,0,0,0,1,1,0,0,0
4,9,135,0,0,0,0,1,1,0,-1,0
4,10,135,0,0,0,0,1,1,0,0,0
4,11,135,0,0,0,1,1,1,0,0,0
4,12,141,1,1,0,0,1,1,0,0,0
4,13,141,0,0,1,1,1,1,0,-1,0
4,14,147,1,0,0,0,1,1,0,-1,0
4,15,147,0,0,0,1,1,1,0,0,0
4,16,148,1,1,0,0,1,1,0,0,0
4,17,148,0,0,0,0,1,1,0,-1,0
4,18,148,0,0,1,1,1,1,0,0,0
4,19,260,1,0,0,0,0,0,0,0,0
4,20,260,0,0,1,1,1,0,0,0,0
4,21,261,1,0,0,0,1,1,0,0,0
4,22,261,0,0,0,0,1,1,0,0,0
4,23,261,0,0,0,0,1,1,0,-1,0
4,24,261,0,0,0,0,1,1,0,0,0
4,25,261,0,0,0,0,1,1,0,0,0
4,26,261,0,0,0,1,1,1,0,0,0
4,27,262,1,1,0,0,0,1,0,0,0
4,28,262,0,0,0,0,0,0,0,0,0
4,29,262,0,0,0,0,0,0,0,0,0
4,30,262,0,0,0,0,0,0,0,0,0
4,31,262,0,0,1,1,1,0,0,0,0
5,1,273,1,1,0,0,0,1,0,0,0
5,2,273,0,0,0,0,0,0,0,0,0
5,3,273,0,0,0,0,0,0,0,0,0
5,4,273,0,0,0,1,1,0,0,0,0
5,5,133,1,1,1,0,0,0,0,0,0
5,6,133,0,1,1,0,0,0,0,0,0
5,7,133,0,1,1,1,0,0,0,0,0
5,8,135,1,1,0,0,0,1,0,0,0
5,9,135,0,0,0,0,0,0,0,0,0
5,10,135,0,0,0,0,0,0,-1,0,-1
5,11,135,0,0,0,0,0,0,0,0,0
5,12,135,0,0,1,1,1,0,0,0,0
5,13,141,1,0,0,1,0,0,-1,0,-1
5,14,147,1,1,1,0,0,1,0,0,0
5,15,147,0,1,1,0,0,0,-1,0,-1
5,16,147,0,1,1,1,1,0,0,0,0
5,17,148,1,1,0,0,0,0,0,0,0
5,18,148,0,0,0,1,0,0,-1,0,-1
5,19,260,1,1,1,0,0,1,0,0,0
5,20,260,0,1,1,1,0,0,0,0,0
5,21,261,1,1,1,0,0,1,0,0,0
5,22,261,0,1,0,0,0,0,0,0,0
5,23,261,0,0,1,0,0,0,0,0,0
5,24,261,0,1,1,0,0,0,-1,0,0
5,25,261,0,1,0,0,0,0,0,0,0
5,26,261,0,0,0,0,0,0,0,0,0
5,27,261,0,0,1,1,1,0,0,0,0
5,28,262,1,0,0,0,0,0,0,0,0
5,29,262,0,0,0,0,0,0,0,-1,0
5,30,262,0,0,0,0,0,0,-1,0,0
5,31,262,0,0,0,1,0,0,0,0,0
6,1,273,1,0,0,0,0,0,0,0,0
6,2,273,0,0,0,0,0,0,0,0,0
6,3,273,0,0,0,0,0,0,0,0,0
6,4,273,0,0,1,1,1,0,0,0,0
6,5,134,1,0,0,0,1,1,0,0,0
6,6,134,0,0,0,0,1,1,0,0,0
6,7,134,0,0,1,1,1,1,0,0,0
6,8,135,1,1,1,0,0,0,0,0,0
6,9,135,0,1,1,0,0,0,0,0,0
6,10,135,0,1,1,0,0,0,0,0,0
6,11,135,0,1,1,1,0,0,0,0,0
6,12,141,1,1,0,0,0,1,0,0,0
6,13,141,0,0,0,1,1,0,0,0,0
6,14,146,1,1,0,0,1,1,0,0,0
6,15,146,0,0,0,0,1,1,0,0,0
6,16,146,0,0,0,1,1,1,0,0,0
6,17,148,1,1,1,0,0,0,0,0,0
6,18,148,0,1,1,1,1,0,0,0,0
6,19,150,1,1,1,0,1,1,0,-1,0
6,20,150,0,1,1,0,1,1,-1,0,-1
6,21,150,0,1,1,1,1,1,0,0,0
6,22,261,1,1,1,1,0,0,0,0,0
6,23,166,1,1,0,0,1,1,0,-1,0
6,24,166,0,0,0,1,1,1,0,0,0
6,25,261,1,1,1,0,0,0,0,0,0
6,26,261,0,1,1,1,0,0,0,0,0
6,27,262,1,1,0,0,0,1,0,0,0
6,28,262,0,0,0,0,0,0,0,0,0
6,29,262,0,0,0,0,0,0,0,0,0
6,30,262,0,0,0,0,0,0,0,0,0
6,31,262,0,0,1,1,1,0,0,0,0
7,1,273,1,1,0,0,0,1,0,0,0
7,2,273,0,0,0,0,0,0,0,0,0
7,3,273,0,0,0,0,0,0,0,0,0
7,4,273,0,0,0,1,0,0,0,0,0
7,5,134,1,1,0,0,0,1,0,0,0
7,6,134,0,0,0,0,0,0,0,0,0
7,7,134,0,0,0,1,0,0,0,0,0
7,8,136,1,1,0,0,1,1,0,0,0
7,9,136,0,0,0,0,1,1,0,0,0
7,10,136,0,0,0,0,1,1,0,0,0
7,11,136,0,0,0,0,1,1,0,0,0
7,12,136,0,0,1,1,1,1,0,0,0
7,13,141,1,1,1,0,0,0,0,0,0
7,14,141,0,1,1,1,1,0,0,0,0
7,15,146,1,0,0,0,0,0,0,0,0
7,16,146,0,0,0,0,0,0,-1,0,-1
7,17,146,0,0,0,0,1,0,0,0,0
7,18,146,0,0,1,1,1,1,0,0,0
7,19,149,1,1,1,1,1,1,-1,-1,-1
7,20,151,1,1,1,1,1,1,-1,-1,-1
7,21,152,1,1,1,1,1,1,-1,-1,-1
7,22,153,1,1,1,1,1,1,-1,-1,-1
7,23,165,1,1,1,1,1,1,-1,-1,-1
7,24,166,1,0,1,0,0,0,-1,0,-1
7,25,166,0,1,1,1,1,0,0,0,0
7,26,168,1,1,0,0,1,1,0,0,0
7,27,168,0,0,0,1,1,1,0,-1,0
7,28,262,1,1,1,0,0,0,0,0,0
7,29,262,0,1,1,0,0,0,0,0,0
7,30,262,0,1,1,0,0,0,0,0,0
7,31,262,0,1,1,1,0,0,0,0,0
8,1,273,1,0,0,0,0,0,0,0,0
8,2,273,0,0,0,0,0,0,0,0,0
8,3,273,0,0,0,0,0,0,0,0,0
8,4,273,0,0,1,1,1,0,0,0,0
8,5,134,1,0,0,0,0,0,0,0,0
8,6,134,0,0,0,0,0,0,-1,0,-1
8,7,134,0,0,1,1,1,0,0,0,0
8,8,136,1,0,0,0,0,0,0,0,0
8,9,136,0,0,0,0,0,0,0,-1,0
8,10,136,0,0,0,0,0,0,-1,0,-1
8,11,136,0,0,0,1,0,0,0,0,0
8,12,142,1,1,0,0,1,1,0,0,0
8,13,142,0,0,0,1,1,1,0,0,0
8,14,146,1,1,1,0,0,1,0,0,0
8,15,146,0,1,0,0,0,0,0,-1,0
8,16,146,0,0,0,0,0,0,0,0,0
8,17,146,0,0,1,1,0,0,0,0,0
8,18,210,1,0,0,0,1,1,0,0,0
8,19,210,0,0,0,0,1,1,0,0,0
8,20,210,0,0,1,1,1,1,0,0,0
8,21,212,1,0,0,1,1,1,0,0,0
8,22,159,1,1,0,1,1,1,-1,0,-1
8,23,166,1,1,1,1,0,1,0,0,0
8,24,164,1,0,0,1,1,1,0,0,0
8,25,167,1,1,0,1,1,1,0,-1,0
8,26,168,1,1,1,0,0,0,0,0,0
8,27,168,0,1,0,0,1,0,-1,0,-1
8,28,168,0,0,0,1,1,1,0,0,0
8,29,215,1,1,0,0,1,1,0,0,0
8,30,215,0,0,0,0,1,1,0,0,0
8,31,215,0,0,1,1,1,1,0,0,0
9,1,273,1,1,0,0,0,1,0,0,0
9,2,273,0,0,0,0,0,0,0,0,0
9,3,273,0,0,0,0,0,0,0,0,0
9,4,273,0,0,0,1,0,0,0,0,0
9,5,134,1,1,0,0,0,1,0,0,0
9,6,134,0,0,0,0,0,0,0,-1,0
9,7,134,0,0,0,1,0,0,0,0,0
9,8,136,1,1,0,0,0,1,0,0,0
9,9,136,0,0,1,0,0,0,0,0,0
9,10,136,0,1,1,0,0,0,0,0,0
9,11,136,0,1,1,0,0,0,0,0,0
9,12,136,0,1,1,1,1,0,0,0,0
9,13,142,1,0,0,0,0,0,0,0,0
9,14,142,0,0,0,0,1,0,-1,0,-1
9,15,142,0,0,0,1,1,1,0,0,0
9,16,146,1,1,1,0,0,0,0,0,0
9,17,146,0,1,1,1,0,0,0,0,0
9,18,210,1,0,0,0,0,1,0,0,0
9,19,210,0,0,1,0,0,0,-1,-1,0
9,20,210,0,1,1,1,0,0,0,0,0
9,21,212,1,1,0,0,0,1,0,-1,0
9,22,212,0,0,1,1,1,0,-1,0,0
9,23,159,1,1,1,1,1,0,0,-1,0
9,24,164,1,0,0,0,0,1,0,0,-1
9,25,164,0,0,1,1,1,0,0,0,0
9,26,167,1,1,0,1,1,0,-1,0,-1
9,27,170,1,1,0,1,1,1,0,0,0
9,28,168,1,1,1,0,0,0,0,0,0
9,29,168,0,1,1,1,1,0,0,0,0
9,30,215,1,1,1,0,0,0,0,0,0
9,31,215,0,1,0,1,0,0,0,0,0
10,1,273,1,0,0,0,0,0,0,0,0
10,2,273,0,0,0,0,0,0,0,0,0
10,3,273,0,0,0,0,0,0,0,0,0
10,4,273,0,0,1,1,1,0,0,0,0
10,5,134,1,0,1,0,0,0,0,0,0
10,6,134,0,1,1,0,0,0,0,0,0
10,7,134,0,1,1,1,1,0,0,0,0
10,8,136,1,0,1,1,0,0,0,0,0
10,9,137,1,0,0,0,1,1,0,0,0
10,10,137,0,0,0,0,1,1,0,0,0
10,11,137,0,0,0,1,1,1,0,0,0
10,12,142,1,1,1,0,0,1,0,0,0
10,13,142,0,1,1,0,0,0,0,-1,0
10,14,142,0,1,1,0,0,0,0,0,0
10,15,142,0,1,1,1,1,0,0,0,0
10,16,145,1,0,0,1,1,1,0,-1,0
10,17,210,1,1,1,0,0,1,0,0,0
10,18,210,0,1,1,1,0,0,0,0,0
10,19,155,1,1,1,1,1,1,-1,-1,-1
10,20,211,1,0,1,1,1,1,0,0,0
10,21,212,1,1,0,1,0,0,0,0,0
10,22,160,1,1,1,1,1,1,-1,-1,-1
10,23,164,1,1,0,0,0,1,0,0,0
10,24,164,0,0,0,1,0,0,-1,0,0
10,25,270,1,1,0,1,1,1,0,0,0
10,26,167,1,1,1,1,1,0,0,0,0
10,27,170,1,1,0,0,1,0,0,0,0
10,28,170,0,0,0,0,1,1,-1,0,-1
10,29,170,0,0,0,0,1,1,0,0,0
10,30,170,0,0,1,1,1,1,0,0,0
10,31,215,1,0,1,1,1,0,0,0,0
11,1,273,1,1,0,0,0,1,0,0,0
11,2,273,0,0,0,0,0,0,0,0,0
11,3,273,0,0,0,0,0,0,0,0,0
11,4,273,0,0,0,1,0,0,0,0,0
11,5,134,1,1,1,1,0,1,0,0,0
11,6,273,1,0,0,0,1,1,0,0,0
11,7,273,0,0,0,1,1,1,0,0,0
11,8,136,1,1,1,1,0,1,0,0,0
11,9,137,1,0,0,0,0,1,0,0,0
11,10,137,0,0,0,0,0,0,0,-1,0
11,11,137,0,0,0,0,0,0,-1,0,-1
11,12,137,0,0,0,1,1,0,0,0,0
11,13,144,1,1,0,0,1,1,0,0,0
11,14,144,0,0,0,0,1,1,0,0,0
11,15,144,0,0,0,1,1,1,0,0,0
11,16,145,1,1,1,0,0,1,0,0,0
11,17,145,0,1,1,0,1,0,-1,0,-1
11,18,145,0,1,1,1,1,1,0,0,0
11,19,211,1,0,0,0,1,1,0,0,0
11,20,211,0,0,0,1,0,1,0,0,0
11,21,156,1,1,1,1,1,1,-1,-1,-1
11,22,212,1,0,1,1,1,0,0,0,0
11,23,161,1,1,1,1,1,1,-1,-1,-1
11,24,164,1,1,0,0,0,0,0,-1,0
11,25,164,0,0,1,1,1,0,0,0,0
11,26,270,1,0,0,1,1,0,-1,0,-1
11,27,169,1,1,1,1,1,1,-1,-1,-1
11,28,170,1,1,0,0,0,0,0,0,0
11,29,170,0,0,1,0,0,0,0,-1,0
11,30,170,0,1,1,1,0,0,0,0,0
11,31,215,1,0,0,1,0,1,0,0,0
12,1,273,1,0,0,0,0,0,0,0,0
12,2,273,0,0,0,0,0,0,0,0,0
12,3,273,0,0,0,0,0,0,0,0,0
12,4,273,0,0,0,0,1,0,0,0,0
12,5,273,0,0,0,0,0,1,0,0,0
12,6,273,0,0,1,0,0,0,0,0,0
12,7,273,0,1,1,1,1,0,0,0,0
12,8,137,1,1,1,0,0,1,0,0,0
12,9,137,0,1,1,0,0,0,0,0,0
12,10,137,0,1,1,0,0,0,0,0,0
12,11,137,0,1,1,0,0,0,0,0,0
12,12,137,0,1,1,1,1,0,0,0,0
12,13,144,1,0,0,0,0,0,0,0,0
12,14,144,0,0,1,0,0,0,-1,0,-1
12,15,144,0,1,1,1,1,0,0,0,0
12,16,209,1,0,0,1,1,1,0,0,0
12,17,211,1,1,1,0,1,1,0,0,0
12,18,211,0,1,0,0,0,1,0,0,0
12,19,211,0,0,0,0,0,0,-1,-1,0
12,20,211,0,0,1,1,1,0,0,0,0
12,21,212,1,1,0,1,0,1,0,0,0
12,22,213,1,1,0,1,1,1,0,0,0
12,23,162,1,1,1,1,1,1,-1,-1,-1
12,24,164,1,1,1,1,0,0,0,0,0
12,25,270,1,1,0,0,0,1,0,-1,0
12,26,270,0,0,1,1,1,0,0,0,0
12,27,271,1,0,1,1,1,1,0,0,0
12,28,170,1,1,1,1,0,0,0,0,0
12,29,215,1,0,0,0,1,1,0,0,0
12,30,215,0,0,0,0,0,1,-1,-1,0
12,31,215,0,0,1,1,1,0,0,0,0
13,1,273,1,1,0,0,0,1,0,0,0
13,2,273,0,0,0,0,0,0,0,0,0
13,3,273,0,0,0,0,0,0,0,0,0
13,4,273,0,0,0,0,0,0,0,0,0
13,5,273,0,0,0,0,0,0,0,0,0
13,6,273,0,0,1,1,0,0,0,0,0
13,7,138,1,0,0,0,1,1,0,0,0
13,8,138,0,0,0,0,1,1,0,0,0
13,9,138,0,0,0,0,1,1,0,0,0
13,10,138,0,0,0,0,1,1,0,0,0
13,11,138,0,0,1,1,1,1,0,0,0
13,12,143,1,0,0,1,1,1,0,0,0
13,13,144,1,1,1,0,0,1,0,0,0
13,14,144,0,1,1,1,0,0,0,-1,0
13,15,209,1,0,0,0,1,1,0,0,0
13,16,209,0,0,0,0,0,1,0,0,0
13,17,209,0,0,0,1,1,0,0,0,0
13,18,154,1,1,1,1,1,1,-1,-1,-1
13,19,211,1,1,0,0,0,0,0,0,0
13,20,211,0,0,0,1,0,0,0,0,0
13,21,157,1,1,1,1,1,1,-1,-1,-1
13,22,212,1,0,1,1,1,0,0,0,0
13,23,213,1,0,1,1,1,0,0,0,0
13,24,163,1,1,1,1,1,1,-1,-1,-1
13,25,271,1,0,0,1,1,1,0,0,0
13,26,270,1,1,1,1,0,0,0,0,0
13,27,271,1,0,1,1,0,1,0,0,0
13,28,171,1,1,1,1,1,1,-1,-1,-1
13,29,215,1,1,1,0,0,1,0,0,0
13,30,215,0,1,1,0,0,0,0,0,0
13,31,215,0,1,1,1,0,0,0,0,0
14,1,273,1,0,0,0,0,0,0,0,0
14,2,273,0,0,0,0,0,0,0,0,0
14,3,273,0,0,0,0,0,0,0,0,0
14,4,273,0,0,0,0,0,0,0,0,0
14,5,273,0,0,0,1,0,0,0,0,0
14,6,138,1,1,0,0,0,1,0,0,0
14,7,138,0,0,0,0,0,0,-1,0,-1
14,8,138,0,0,1,0,0,0,0,-1,0
14,9,138,0,1,1,0,0,0,0,0,0
14,10,138,0,1,1,1,0,0,0,0,0
14,11,143,1,1,1,0,0,1,0,-1,0
14,12,143,0,1,1,1,1,0,-1,0,-1
14,13,209,1,0,0,0,1,1,0,0,0
14,14,209,0,0,0,0,0,1,0,0,0
14,15,209,0,0,0,0,0,0,0,0,0
14,16,209,0,0,0,0,0,0,0,0,0
14,17,209,0,0,0,0,1,0,0,0,0
14,18,209,0,0,0,1,1,1,0,0,0
14,19,211,1,1,1,0,0,0,0,0,0
14,20,211,0,1,1,1,1,0,0,0,0
14,21,212,1,1,1,1,0,1,0,0,0
14,22,213,1,0,0,1,0,1,-1,0,0
14,23,214,1,1,0,1,1,1,0,0,0
14,24,271,1,1,0,0,0,1,0,0,0
14,25,271,0,0,0,0,1,0,-1,0,-1
14,26,271,0,0,1,1,0,1,0,0,0
14,27,214,1,0,0,0,1,1,0,0,0
14,28,214,0,0,0,0,1,1,0,0,0
14,29,214,0,0,0,0,1,1,0,0,0
14,30,214,0,0,1,1,1,1,0,0,0
14,31,216,1,0,1,1,1,1,0,0,0
15,1,273,1,1,0,0,0,1,0,0,0
15,2,273,0,0,0,0,0,0,0,0,0
15,3,273,0,0,0,0,0,0,0,0,0
15,4,273,0,0,0,0,0,0,0,0,0
15,5,273,0,0,0,0,0,0,0,0,0
15,6,273,0,0,0,1,1,0,0,0,0
15,7,138,1,1,0,0,0,0,0,0,0
15,8,138,0,0,1,1,0,0,0,0,0
15,9,207,1,0,1,1,1,1,0,0,0
15,10,139,1,0,0,0,1,1,0,0,0
15,11,139,0,0,1,1,1,1,0,0,0
15,12,209,1,0,0,0,1,1,0,0,0
15,13,209,0,0,0,0,0,1,0,0,0
15,14,209,0,0,0,0,0,0,0,0,0
15,15,209,0,0,0,0,0,0,0,0,0
15,16,209,0,0,0,0,0,0,-1,-1,0
15,17,209,0,0,0,0,0,0,0,0,0
15,18,209,0,0,0,0,0,0,0,0,0
15,19,209,0,0,1,0,1,0,0,0,0
15,20,209,0,1,1,1,1,1,0,0,0
15,21,158,1,1,1,1,1,1,-1,-1,-1
15,22,213,1,0,0,0,0,1,0,-1,0
15,23,213,0,0,1,1,1,0,0,0,0
15,24,214,1,0,0,1,1,0,0,0,0
15,25,271,1,1,1,0,0,0,0,-1,0
15,26,271,0,1,1,1,0,0,0,0,0
15,27,214,1,0,0,0,0,1,0,0,0
15,28,214,0,0,0,0,0,0,-1,0,0
15,29,214,0,0,1,0,0,0,0,0,0
15,30,214,0,1,1,1,0,0,0,0,0
15,31,216,1,0,0,1,0,1,0,0,0
16,1,273,1,0,0,0,0,0,0,0,0
16,2,273,0,0,0,0,0,0,0,0,0
16,3,273,0,0,0,0,0,0,0,0,0
16,4,273,0,0,0,0,0,0,0,0,0
16,5,273,0,0,0,0,0,0,0,0,0
16,6,273,0,0,1,1,1,0,0,0,0
16,7,138,1,1,1,1,0,0,0,0,0
16,8,207,1,0,0,1,0,1,0,0,0
16,9,139,1,1,0,0,0,1,0,-1,0
16,10,139,0,0,1,1,0,0,-1,0,-1
16,11,209,1,0,0,0,0,1,0,0,0
16,12,209,0,0,0,0,0,0,0,0,0
16,13,209,0,0,0,0,0,0,0,0,0
16,14,209,0,0,0,0,0,0,0,0,0
16,15,209,0,0,0,0,0,0,0,0,0
16,16,209,0,0,0,0,0,0,0,0,0
16,17,209,0,0,0,0,0,0,0,0,0
16,18,209,0,0,1,1,0,0,0,0,0
16,19,208,1,0,0,1,1,1,0,0,0
16,20,213,1,1,1,0,1,1,0,0,0
16,21,213,0,1,1,0,0,1,0,0,0
16,22,213,0,1,1,1,0,0,0,0,0
16,23,214,1,1,1,0,0,1,0,0,0
16,24,214,0,1,0,0,1,0,0,0,0
16,25,214,0,0,0,0,1,1,0,0,0
16,26,214,0,0,1,0,0,1,0,-1,0
16,27,214,0,1,1,0,0,0,0,0,0
16,28,214,0,1,1,1,0,0,0,0,0
16,29,216,1,0,0,0,1,1,0,0,0
16,30,216,0,0,0,0,0,1,0,0,0
16,31,216,0,0,1,1,1,0,0,0,0
17,1,273,1,1,0,0,0,1,0,0,0
17,2,273,0,0,0,0,0,0,0,0,0
17,3,273,0,0,0,0,0,0,0,0,0
17,4,273,0,0,0,0,0,0,0,0,0
17,5,273,0,0,0,0,0,0,0,0,0
17,6,273,0,0,1,1,0,0,0,0,0
17,7,207,1,0,0,0,1,1,0,0,0
17,8,207,0,0,0,0,0,1,0,0,0
17,9,207,0,0,0,1,1,0,0,0,0
17,10,139,1,1,1,1,0,0,0,0,0
17,11,209,1,1,1,0,0,1,0,0,0
17,12,209,0,1,1,0,0,0,0,0,0
17,13,209,0,1,1,0,0,0,0,0,0
17,14,209,0,1,1,0,0,0,0,0,0
17,15,209,0,1,1,0,0,0,0,0,0
17,16,209,0,1,1,0,0,0,0,0,0
17,17,209,0,1,1,0,0,0,0,0,0
17,18,209,0,1,1,1,0,0,0,0,0
17,19,208,1,0,0,0,0,1,0,0,0
17,20,208,0,0,1,1,1,0,0,0,0
17,21,217,1,0,0,0,1,1,0,0,0
17,22,217,0,0,0,0,1,1,0,0,0
17,23,217,0,0,0,0,1,1,0,0,0
17,24,217,0,0,0,1,1,1,0,0,0
17,25,214,1,1,1,0,0,0,0,0,0
17,26,214,0,1,1,1,0,0,0,0,0
17,27,217,1,0,0,0,1,1,0,0,0
17,28,217,0,0,1,1,1,1,0,0,0
17,29,216,1,0,0,0,0,1,0,0,0
17,30,216,0,0,0,0,0,0,0,0,0
17,31,216,0,0,0,1,0,0,0,0,0
18,1,273,1,1,1,0,0,0,0,0,0
18,2,273,0,1,1,0,0,0,0,0,0
18,3,273,0,1,0,0,0,0,0,0,0
18,4,273,0,0,0,0,0,0,0,0,0
18,5,273,0,0,1,1,0,0,0,0,0
18,6,207,1,0,0,0,0,1,0,0,0
18,7,207,0,0,0,0,0,0,0,0,0
18,8,207,0,0,0,0,0,0,0,0,0
18,9,207,0,0,0,0,1,0,0,0,0
18,10,207,0,0,1,1,1,1,0,0,0
18,11,208,1,0,0,0,1,1,0,0,0
18,12,208,0,0,0,0,1,1,0,0,0
18,13,208,0,0,0,0,1,1,0,0,0
18,14,208,0,0,0,0,1,1,0,0,0
18,15,208,0,0,0,0,1,1,0,0,0
18,16,208,0,0,0,0,1,1,0,0,0
18,17,208,0,0,0,0,1,1,0,0,0
18,18,208,0,0,1,0,0,1,0,0,0
18,19,208,0,1,1,1,0,0,0,0,0
18,20,217,1,0,0,0,0,1,0,0,0
18,21,217,0,0,0,0,0,0,0,0,0
18,22,217,0,0,0,0,0,0,0,0,0
18,23,217,0,0,0,0,0,0,0,0,0
18,24,217,0,0,0,0,1,0,0,0,0
18,25,217,0,0,0,0,1,1,0,0,0
18,26,217,0,0,0,0,0,1,0,0,0
18,27,217,0,0,0,1,0,0,0,0,0
18,28,216,1,1,0,0,0,1,0,0,0
18,29,216,0,0,0,0,0,0,0,0,0
18,30,216,0,0,0,0,0,0,0,0,0
18,31,216,0,0,1,1,1,0,0,0,0
19,1,140,1,1,0,0,1,1,0,0,0
19,2,140,0,0,0,0,1,1,0,0,0
19,3,140,0,0,0,1,1,1,0,0,0
19,4,273,1,1,0,0,0,0,0,0,0
19,5,273,0,0,1,1,0,0,0,0,0
19,6,207,1,0,0,0,0,1,0,0,0
19,7,207,0,0,0,0,0,0,0,0,0
19,8,207,0,0,0,0,0,0,-1,0,0
19,9,207,0,0,1,0,0,0,0,0,0
19,10,207,0,1,1,1,0,0,0,0,0
19,11,208,1,0,0,0,0,1,0,0,0
19,12,208,0,0,0,0,0,0,0,0,0
19,13,208,0,0,0,0,0,0,0,0,0
19,14,208,0,0,0,0,0,0,0,0,0
19,15,208,0,0,0,0,0,0,0,0,0
19,16,208,0,0,0,0,0,0,0,0,0
19,17,208,0,0,1,0,0,0,0,0,0
19,18,208,0,1,1,1,0,0,0,0,0
19,19,217,1,0,0,0,1,1,0,0,0
19,20,217,0,0,0,0,0,1,0,0,0
19,21,217,0,0,0,0,0,0,0,0,0
19,22,217,0,0,0,0,0,0,0,0,0
19,23,217,0,0,0,0,0,0,0,-1,0
19,24,217,0,0,0,0,0,0,0,0,0
19,25,217,0,0,0,0,0,0,-1,0,0
19,26,217,0,0,0,0,0,0,0,0,0
19,27,217,0,0,0,0,0,0,0,0,0
19,28,217,0,0,1,1,1,0,0,0,0
19,29,216,1,0,0,0,0,0,0,0,0
19,30,216,0,0,0,0,0,0,0,0,0
19,31,216,0,0,0,1,0,0,0,0,0
20,1,140,1,0,0,0,0,0,0,0,0
20,2,140,0,0,0,0,0,0,0,0,0
20,3,140,0,0,0,1,1,0,0,0,0
20,4,273,1,1,1,1,0,0,0,0,0
20,5,207,1,0,0,0,0,1,0,0,0
20,6,207,0,0,0,0,0,0,0,0,0
20,7,207,0,0,0,0,0,0,0,-1,0
20,8,207,0,0,1,1,0,0,0,0,0
20,9,208,1,0,0,0,1,1,0,0,0
20,10,208,0,0,0,0,0,1,0,0,0
20,11,208,0,0,0,0,0,0,0,0,0
20,12,208,0,0,0,0,0,0,0,0,0
20,13,208,0,0,0,0,0,0,-1,-1,0
20,14,208,0,0,0,0,0,0,0,0,0
20,15,208,0,0,0,0,0,0,0,0,0
20,16,208,0,0,1,1,0,0,0,0,0
20,17,217,1,0,0,0,1,1,0,0,0
20,18,217,0,0,1,0,0,1,0,0,0
20,19,217,0,1,1,0,0,0,0,0,0
20,20,217,0,1,1,0,0,0,0,0,0
20,21,217,0,1,1,0,0,0,0,0,0
20,22,217,0,1,1,0,0,0,0,0,0
20,23,217,0,1,0,0,0,0,0,0,0
20,24,217,0,0,0,0,0,0,0,0,0
20,25,217,0,0,0,0,0,0,0,0,0
20,26,217,0,0,0,0,0,0,0,0,0
20,27,217,0,0,0,1,0,0,0,0,0
20,28,216,1,1,0,0,0,1,0,0,0
20,29,216,0,0,0,0,0,0,0,0,0
20,30,216,0,0,0,0,0,0,-1,0,0
20,31,216,0,0,1,1,1,0,0,0,0
21,1,140,1,1,0,0,0,1,0,0,0
21,2,140,0,0,0,0,0,0,0,0,0
21,3,140,0,0,0,0,0,0,0,0,0
21,4,140,0,0,0,1,1,0,0,0,0
21,5,207,1,1,0,0,0,1,0,0,0
21,6,207,0,0,0,0,0,0,0,0,0
21,7,207,0,0,0,0,0,0,0,0,0
21,8,207,0,0,1,1,0,0,0,0,0
21,9,208,1,0,0,0,0,1,0,0,0
21,10,208,0,0,0,0,0,0,0,0,0
21,11,208,0,0,0,0,0,0,0,0,0
21,12,208,0,0,1,0,0,0,0,0,0
21,13,208,0,1,1,0,0,0,0,0,0
21,14,208,0,1,1,0,0,0,0,0,0
21,15,208,0,1,1,0,0,0,0,0,0
21,16,208,0,1,1,1,0,0,0,0,0
21,17,217,1,1,1,0,0,1,0,0,0
21,18,217,0,1,1,1,0,0,0,0,0
21,19,220,1,0,0,0,1,1,0,0,0
21,20,220,0,0,0,0,1,1,0,0,0
21,21,220,0,0,0,0,1,1,0,-1,0
21,22,220,0,0,0,0,1,1,0,0,0
21,23,220,0,0,0,1,1,1,0,0,0
21,24,217,1,1,0,0,0,0,0,0,0
21,25,217,0,0,0,0,0,0,0,0,0
21,26,217,0,0,0,0,0,0,0,0,0
21,27,217,0,0,0,0,0,0,0,0,0
21,28,217,0,0,1,1,1,0,0,0,0
21,29,216,1,0,0,0,0,0,0,-1,0
21,30,216,0,0,0,0,0,0,0,0,0
21,31,216,0,0,0,1,0,0,0,0,0
22,1,140,1,0,0,0,0,0,0,0,0
22,2,140,0,0,0,0,0,0,-1,0,-1
22,3,140,0,0,0,0,0,0,0,-1,0
22,4,140,0,0,1,1,1,0,0,0,0
22,5,207,1,0,0,0,0,0,0,0,0
22,6,207,0,0,0,0,0,0,0,0,0
22,7,207,0,0,1,1,0,0,0,0,0
22,8,208,1,1,1,0,0,1,0,0,0
22,9,208,0,1,1,0,0,0,0,0,0
22,10,208,0,1,1,0,0,0,0,0,0
22,11,208,0,1,1,1,0,0,0,0,0
22,12,221,1,0,0,0,1,1,0,0,0
22,13,221,0,0,1,0,1,1,-1,-1,0
22,14,221,0,1,1,0,1,1,0,0,0
22,15,221,0,1,0,0,1,1,0,0,0
22,16,221,0,0,0,0,1,1,0,0,0
22,17,221,0,0,1,1,1,1,0,0,0
22,18,220,1,1,1,0,0,1,0,0,0
22,19,220,0,1,1,0,0,0,0,0,0
22,20,220,0,1,1,0,0,0,0,0,0
22,21,220,0,1,1,0,0,0,-1,0,0
22,22,220,0,1,0,0,0,0,0,0,0
22,23,220,0,0,0,1,1,0,0,0,0
22,24,217,1,1,0,0,0,0,0,0,0
22,25,217,0,0,0,0,0,0,0,0,0
22,26,217,0,0,0,0,0,0,0,0,0
22,27,217,0,0,1,1,0,0,0,0,0
22,28,216,1,0,0,0,0,1,0,0,0
22,29,216,0,0,0,0,0,0,0,0,0
22,30,216,0,0,0,0,0,0,0,0,0
22,31,216,0,0,1,1,1,0,0,0,0
23,1,140,1,1,0,0,0,1,0,0,0
23,2,140,0,0,0,0,0,0,0,0,0
23,3,140,0,0,1,0,0,0,0,0,0
23,4,140,0,1,1,1,0,0,0,0,0
23,5,207,1,0,0,0,0,1,0,0,0
23,6,207,0,0,0,0,0,0,0,0,0
23,7,207,0,0,1,1,0,0,0,0,0
23,8,231,1,0,1,0,1,1,0,0,0
23,9,231,0,1,1,0,1,1,-1,-1,0
23,10,231,0,1,1,0,1,1,0,0,0
23,11,231,0,1,1,1,1,1,0,0,0
23,12,221,1,0,0,0,0,1,0,0,0
23,13,221,0,0,1,1,0,0,0,0,0
23,14,8,1,1,1,0,1,1,0,-1,0
23,15,8,0,1,1,1,1,1,-1,0,-1
23,16,221,1,1,1,0,0,0,0,0,0
23,17,221,0,1,1,1,0,0,0,0,0
23,18,197,1,0,0,0,1,1,-1,-1,0
23,19,197,0,0,1,1,1,1,0,0,0
23,20,196,1,1,1,1,1,1,-1,-1,-1
23,21,195,1,1,1,1,1,1,-1,-1,-1
23,22,194,1,1,0,1,1,1,0,-1,0
23,23,220,1,1,0,0,0,0,0,0,0
23,24,220,0,0,0,1,1,0,0,0,0
23,25,217,1,1,0,0,0,0,0,0,0
23,26,217,0,0,0,0,0,0,0,0,0
23,27,217,0,0,1,1,0,0,0,0,0
23,28,216,1,0,0,0,0,1,0,0,0
23,29,216,0,0,0,0,0,0,0,0,0
23,30,216,0,0,0,0,0,0,0,0,0
23,31,216,0,0,0,1,0,0,0,0,0
24,1,140,1,0,0,0,0,0,0,0,0
24,2,140,0,0,1,1,0,0,0,0,0
24,3,207,1,1,1,0,1,1,0,0,0
24,4,207,0,1,1,0,0,1,0,0,0
24,5,207,0,1,0,0,0,0,0,0,0
24,6,207,0,0,1,1,0,0,0,0,0
24,7,231,1,0,1,1,0,1,0,0,0
24,8,2,1,1,1,1,1,1,-1,-1,-1
24,9,232,1,0,0,0,1,1,0,0,0
24,10,232,0,0,1,1,1,1,0,0,0
24,11,221,1,1,0,0,0,1,0,0,0
24,12,221,0,0,1,1,0,0,0,0,0
24,13,9,1,1,1,1,1,1,-1,-1,-1
24,14,10,1,0,1,1,1,1,-1,0,-1
24,15,11,1,0,1,1,1,1,0,0,0
24,16,222,1,0,0,1,1,1,0,0,0
24,17,197,1,1,1,0,0,1,0,0,-1
24,18,197,0,1,1,1,0,0,0,0,0
24,19,200,1,0,0,1,1,1,0,0,0
24,20,199,1,1,0,1,1,1,-1,0,-1
24,21,193,1,1,0,1,1,1,0,0,-1
24,22,194,1,1,1,1,1,0,-1,0,-1
24,23,220,1,0,0,0,0,0,0,0,0
24,24,220,0,0,1,1,1,0,0,0,0
24,25,217,1,0,0,0,0,0,0,0,0
24,26,217,0,0,1,1,0,0,0,0,0
24,27,216,1,0,0,0,0,1,0,0,0
24,28,216,0,0,0,0,0,0,0,0,0
24,29,216,0,0,1,0,0,0,0,0,0
24,30,216,0,1,1,0,0,0,0,0,0
24,31,216,0,1,1,1,1,0,0,0,0
25,1,140,1,1,1,0,0,1,0,0,0
25,2,140,0,1,1,1,0,0,0,0,0
25,3,235,1,0,0,0,1,1,0,0,0
25,4,235,0,0,0,1,1,1,0,0,0
25,5,1,1,1,1,1,1,1,-1,-1,-1
25,6,207,1,1,1,1,0,0,0,0,0
25,7,231,1,0,1,1,0,1,0,0,0
25,8,232,1,0,1,0,1,1,0,0,0
25,9,232,0,1,1,0,0,1,-1,-1,0
25,10,232,0,1,1,1,0,0,0,0,0
25,11,233,1,0,1,1,1,1,0,0,0
25,12,221,1,1,1,1,0,0,0,0,0
25,13,12,1,1,1,1,1,1,-1,-1,-1
25,14,10,1,1,1,1,0,1,0,-1,0
25,15,11,1,0,1,1,0,1,-1,0,-1
25,16,222,1,0,0,0,0,1,0,0,0
25,17,222,0,0,0,1,1,0,0,0,0
25,18,198,1,1,0,1,1,1,0,0,0
25,19,200,1,1,0,0,0,1,0,-1,0
25,20,200,0,0,1,1,1,0,0,0,0
25,21,199,1,1,1,1,1,0,0,-1,0
25,22,193,1,1,1,1,1,0,-1,-1,0
25,23,220,1,0,1,0,0,1,0,0,0
25,24,220,0,1,1,1,0,0,0,0,0
25,25,217,1,1,0,0,0,1,0,0,0
25,26,217,0,0,1,1,0,0,0,0,0
25,27,216,1,0,0,0,0,1,0,0,0
25,28,216,0,0,1,0,0,0,0,0,0
25,29,216,0,1,1,1,0,0,0,0,0
25,30,218,1,0,0,0,1,1,0,0,0
25,31,218,0,0,0,1,1,1,0,0,0
26,1,235,1,0,0,0,1,1,0,0,0
26,2,235,0,0,0,0,0,1,0,0,0
26,3,235,0,0,0,0,0,0,0,0,0
26,4,235,0,0,0,0,1,0,0,0,0
26,5,235,0,0,0,1,1,1,0,0,0
26,6,231,1,1,1,1,0,1,0,0,0
26,7,232,1,1,1,1,0,1,0,0,0
26,8,6,1,1,1,0,1,1,-1,0,-1
26,9,6,0,1,1,1,1,1,0,-1,0
26,10,233,1,0,1,1,0,1,0,0,0
26,11,16,1,0,1,1,1,1,-1,0,-1
26,12,14,1,1,1,1,1,1,-1,-1,-1
26,13,13,1,1,1,1,1,1,-1,-1,-1
26,14,11,1,1,1,1,0,1,0,-1,0
26,15,222,1,0,0,0,0,1,0,0,0
26,16,222,0,0,0,0,0,0,-1,-1,0
26,17,222,0,0,1,1,1,0,0,0,0
26,18,198,1,0,1,1,1,0,-1,0,-1
26,19,200,1,0,0,1,0,0,-1,0,0
26,20,201,1,1,0,1,1,1,0,0,0
26,21,192,1,1,1,1,1,1,-1,-1,-1
26,22,220,1,1,1,1,0,1,0,0,0
26,23,219,1,0,0,0,1,1,0,0,0
26,24,219,0,0,0,1,1,1,0,0,0
26,25,217,1,1,1,1,0,0,0,0,0
26,26,216,1,1,1,0,0,1,0,0,0
26,27,216,0,1,1,1,0,0,0,0,0
26,28,218,1,0,0,0,1,1,0,0,0
26,29,218,0,0,0,0,0,1,0,0,0
26,30,218,0,0,0,0,0,0,0,0,0
26,31,218,0,0,1,1,1,0,0,0,0
27,1,235,1,1,0,0,0,1,0,0,0
27,2,235,0,0,0,0,0,0,0,0,0
27,3,235,0,0,0,0,0,0,0,0,0
27,4,235,0,0,0,0,0,0,0,0,0
27,5,235,0,0,0,0,0,0,0,0,0
27,6,235,0,0,1,1,1,0,0,0,0
27,7,3,1,1,1,1,1,1,-1,-1,-1
27,8,4,1,1,1,1,1,1,-1,-1,-1
27,9,7,1,0,1,1,1,1,0,-1,0
27,10,233,1,0,1,1,0,1,-1,0,0
27,11,16,1,1,1,1,0,1,0,-1,0
27,12,18,1,0,1,1,1,1,-1,0,-1
27,13,15,1,1,1,1,1,1,-1,-1,-1
27,14,222,1,1,1,0,1,1,0,0,0
27,15,222,0,1,1,0,0,1,0,0,0
27,16,222,0,1,1,0,0,0,0,0,0
27,17,222,0,1,1,1,0,0,0,0,0
27,18,198,1,1,1,1,0,1,0,-1,0
27,19,200,1,1,0,0,0,1,0,0,-1
27,20,200,0,0,1,1,1,0,0,0,0
27,21,201,1,0,1,1,1,0,-1,0,-1
27,22,191,1,1,1,1,1,1,-1,-1,-1
27,23,219,1,1,0,0,0,1,0,0,0
27,24,219,0,0,0,0,0,0,-1,-1,0
27,25,219,0,0,0,0,1,0,0,0,0
27,26,219,0,0,0,0,1,1,0,0,0
27,27,219,0,0,1,1,1,1,0,0,0
27,28,218,1,0,0,0,0,1,0,0,0
27,29,218,0,0,0,0,0,0,0,0,0
27,30,218,0,0,0,0,0,0,0,0,0
27,31,218,0,0,0,1,0,0,0,0,0
28,1,235,1,0,0,0,0,0,0,0,0
28,2,235,0,0,0,0,0,0,0,0,0
28,3,235,0,0,0,0,0,0,0,0,0
28,4,235,0,0,0,0,0,0,0,0,0
28,5,235,0,0,1,1,0,0,0,0,0
28,6,234,1,0,0,1,1,1,0,0,0
28,7,5,1,1,1,1,1,1,-1,-1,-1
28,8,7,1,1,1,1,0,1,-1,0,-1
28,9,233,1,0,1,1,0,1,0,-1,0
28,10,17,1,1,1,1,1,1,-1,-1,-1
28,11,18,1,1,1,1,0,1,0,-1,0
28,12,19,1,0,1,1,1,1,-1,0,-1
28,13,223,1,0,0,0,1,1,0,-1,0
28,14,223,0,0,1,0,1,1,0,0,0
28,15,223,0,1,1,1,1,1,0,0,0
28,16,225,1,1,0,0,1,1,0,0,0
28,17,225,0,0,1,1,1,1,0,0,0
28,18,202,1,0,1,1,1,1,-1,0,-1
28,19,200,1,1,1,1,0,0,0,0,0
28,20,201,1,0,1,1,0,1,0,-1,0
28,21,190,1,1,1,0,1,1,-1,0,-1
28,22,190,0,1,1,1,1,1,0,-1,0
28,23,219,1,1,1,0,0,0,0,0,0
28,24,219,0,1,1,0,0,0,0,0,0
28,25,219,0,1,1,0,0,0,0,0,0
28,26,219,0,1,1,1,0,0,0,0,0
28,27,218,1,1,0,0,0,1,0,0,0
28,28,218,0,0,0,0,0,0,0,0,0
28,29,218,0,0,0,0,0,0,0,0,0
28,30,218,0,0,0,0,0,0,0,0,0
28,31,218,0,0,1,1,1,0,0,0,0
29,1,235,1,1,0,0,0,1,0,0,0
29,2,235,0,0,0,0,0,0,0,0,0
29,3,235,0,0,0,0,0,0,-1,0,0
29,4,235,0,0,0,0,0,0,0,0,0
29,5,235,0,0,1,1,0,0,0,0,0
29,6,234,1,0,0,0,0,1,0,0,0
29,7,234,0,0,0,0,1,0,-1,0,0
29,8,234,0,0,0,1,1,1,0,0,0
29,9,233,1,1,1,1,0,1,0,0,0
29,10,21,1,1,1,1,1,1,-1,-1,-1
29,11,20,1,0,1,1,1,1,-1,0,-1
29,12,19,1,1,1,1,0,1,0,-1,0
29,13,223,1,1,0,0,0,1,0,0,0
29,14,223,0,0,1,1,0,0,-1,0,0
29,15,38,1,1,1,1,1,1,-1,-1,-1
29,16,224,1,0,1,1,1,1,0,0,0
29,17,225,1,0,0,1,0,0,0,0,0
29,18,202,1,1,1,1,0,1,0,-1,0
29,19,203,1,1,0,1,1,1,0,0,0
29,20,201,1,1,1,1,0,1,0,0,0
29,21,188,1,0,0,1,1,1,0,0,0
29,22,189,1,1,1,0,1,1,-1,0,-1
29,23,189,0,1,1,1,1,1,0,-1,0
29,24,181,1,1,1,1,1,1,-1,-1,-1
29,25,180,1,0,0,0,1,1,0,-1,0
29,26,180,0,0,1,1,1,1,0,0,0
29,27,174,1,0,1,1,1,1,0,-1,0
29,28,218,1,1,0,0,0,0,0,0,0
29,29,218,0,0,0,0,0,0,0,0,0
29,30,218,0,0,0,0,0,0,0,0,0
29,31,218,0,0,0,1,0,0,0,0,0
30,1,235,1,0,0,0,0,0,0,0,0
30,2,235,0,0,0,0,0,0,0,-1,0
30,3,235,0,0,0,0,0,0,0,0,0
30,4,235,0,0,0,1,0,0,0,0,0
30,5,234,1,1,1,0,0,1,0,0,0
30,6,234,0,1,1,0,0,0,0,-1,0
30,7,234,0,1,1,0,0,0,0,0,0
30,8,234,0,1,1,1,1,0,0,0,0
30,9,22,1,1,1,1,1,1,-1,-1,-1
30,10,20,1,1,1,1,0,1,0,-1,0
30,11,273,1,0,1,1,1,1,0,0,0
30,12,32,1,1,0,1,1,1,-1,0,-1
30,13,223,1,1,1,1,0,0,0,0,0
30,14,224,1,1,0,0,1,1,0,0,0
30,15,224,0,0,0,1,0,1,0,0,0
30,16,225,1,1,0,0,0,1,0,0,0
30,17,225,0,0,0,0,1,0,-1,0,0
30,18,225,0,0,1,1,1,1,0,0,0
30,19,203,1,0,1,1,1,0,0,0,0
30,20,188,1,0,0,0,0,1,0,-1,0
30,21,188,0,0,0,1,1,0,0,0,0
30,22,182,1,1,0,0,1,1,0,0,-1
30,23,182,0,0,1,1,1,1,-1,0,0
30,24,180,1,0,0,0,0,1,-1,0,-1
30,25,180,0,0,1,1,0,0,0,0,0
30,26,174,1,0,1,1,0,1,-1,0,-1
30,27,172,1,1,0,1,1,1,-1,0,-1
30,28,218,1,1,0,0,0,0,0,0,0
30,29,218,0,0,0,0,0,0,0,0,0
30,30,218,0,0,0,0,0,0,0,0,0
30,31,218,0,0,1,1,1,0,0,0,0
31,1,235,1,1,0,0,0,1,0,0,0
31,2,235,0,0,0,0,0,0,0,0,0
31,3,235,0,0,0,0,0,0,0,0,0
31,4,235,0,0,0,0,0,0,0,0,0
31,5,235,0,0,1,1,1,0,0,0,0
31,6,61,1,0,1,1,1,1,0,0,0
31,7,237,1,1,0,1,1,1,0,0,0
31,8,26,1,1,1,1,1,1,-1,-1,-1
31,9,25,1,0,1,1,1,1,-1,0,-1
31,10,23,1,1,1,1,1,1,-1,-1,-1
31,11,273,1,1,1,1,0,1,0,0,0
31,12,33,1,0,1,1,1,1,0,0,0
31,13,32,1,1,1,1,1,0,0,-1,0
31,14,34,1,1,0,1,1,1,-1,0,-1
31,15,224,1,1,0,0,0,0,0,-1,0
31,16,224,0,0,1,1,1,0,-1,0,0
31,17,225,1,1,0,0,0,0,0,-1,0
31,18,225,0,0,0,1,0,0,0,0,0
31,19,203,1,1,0,1,0,1,0,-1,0
31,20,188,1,1,0,0,0,1,0,0,0
31,21,188,0,0,1,0,0,0,-1,0,-1
31,22,188,0,1,1,1,1,0,0,0,0
31,23,182,1,1,1,1,0,0,0,-1,0
31,24,180,1,1,1,0,0,1,0,0,0
31,25,180,0,1,1,1,0,0,0,0,0
31,26,174,1,1,1,1,0,1,0,0,0
31,27,175,1,0,1,1,1,1,0,0,0
31,28,172,1,1,1,1,1,0,0,-1,0
31,29,218,1,0,0,0,0,0,0,-1,0
31,30,218,0,0,0,0,0,0,-1,0,0
31,31,218,0,0,0,1,0,0,0,0,0
32,1,235,1,0,0,0,0,0,0,0,0
32,2,235,0,0,0,0,0,0,0,0,0
32,3,235,0,0,0,0,0,0,0,0,0
32,4,235,0,0,1,1,0,0,0,0,0
32,5,61,1,0,1,1,0,1,0,-1,0
32,6,60,1,0,1,1,1,1,0,0,0
32,7,237,1,0,0,1,1,0,0,0,0
32,8,25,1,1,1,1,0,1,0,-1,0
32,9,24,1,1,1,0,1,1,0,-1,0
32,10,24,0,1,1,1,1,1,-1,0,-1
32,11,33,1,0,1,1,0,1,-1,0,-1
32,12,31,1,1,1,0,1,1,0,-1,0
32,13,31,0,1,1,1,1,1,-1,0,-1
32,14,34,1,1,1,1,1,0,0,-1,0
32,15,224,1,1,1,1,0,0,0,0,0
32,16,37,1,1,1,1,1,1,-1,-1,-1
32,17,225,1,1,1,0,0,0,0,0,0
32,18,225,0,1,1,1,1,0,0,0,0
32,19,203,1,0,1,1,1,0,-1,0,0
32,20,188,1,1,1,1,0,0,0,0,0
32,21,187,1,0,0,0,1,1,0,0,0
32,22,187,0,0,1,1,1,1,0,0,0
32,23,183,1,0,1,1,1,1,0,0,0
32,24,179,1,1,0,0,1,1,-1,0,-1
32,25,179,0,0,1,1,1,1,0,0,0
32,26,175,1,0,1,1,0,1,-1,0,-1
32,27,173,1,0,1,1,1,1,-1,0,-1
32,28,218,1,0,0,0,0,1,0,0,0
32,29,218,0,0,0,0,0,0,0,0,0
32,30,218,0,0,0,0,0,0,0,0,0
32,31,218,0,0,1,1,1,0,0,0,0
33,1,235,1,1,1,0,0,1,0,0,0
33,2,235,0,1,0,0,0,0,0,0,0
33,3,235,0,0,0,0,0,0,0,0,0
33,4,235,0,0,1,1,0,0,0,0,0
33,5,61,1,0,1,1,0,1,0,0,0
33,6,60,1,0,1,1,0,1,0,0,0
33,7,237,1,0,0,0,0,1,0,0,0
33,8,237,0,0,1,1,1,0,0,0,0
33,9,27,1,1,1,1,1,1,-1,-1,-1
33,10,29,1,0,0,1,1,1,-1,0,-1
33,11,33,1,1,1,1,0,1,0,-1,0
33,12,39,1,1,0,1,1,1,0,0,0
33,13,227,1,1,0,1,1,1,0,0,0
33,14,35,1,1,1,1,1,1,-1,-1,-1
33,15,36,1,1,1,1,1,1,-1,-1,-1
33,16,226,1,0,0,0,1,1,0,0,0
33,17,226,0,0,1,1,1,1,0,0,0
33,18,228,1,0,0,1,1,1,0,0,0
33,19,203,1,1,0,1,0,1,0,0,-1
33,20,187,1,1,0,0,1,1,0,0,0
33,21,187,0,0,0,0,0,1,0,-1,0
33,22,187,0,0,1,1,0,0,0,0,0
33,23,183,1,0,1,1,0,1,-1,0,-1
33,24,178,1,0,0,1,1,1,0,0,0
33,25,179,1,1,1,1,0,0,0,-1,0
33,26,175,1,1,1,1,0,1,0,-1,0
33,27,173,1,1,1,1,0,1,0,-1,0
33,28,218,1,1,0,0,0,1,0,0,0
33,29,218,0,0,0,0,0,0,0,0,0
33,30,218,0,0,0,0,0,0,0,0,0
33,31,218,0,0,0,1,0,0,0,0,0
34,1,236,1,0,0,1,1,1,0,0,0
34,2,235,1,1,0,0,0,0,0,0,0
34,3,235,0,0,1,1,0,0,0,0,0
34,4,61,1,0,1,1,0,1,0,0,0
34,5,60,1,0,1,1,0,1,0,-1,0
34,6,237,1,1,0,0,0,1,0,-1,0
34,7,237,0,0,0,1,0,0,-1,0,0
34,8,28,1,1,0,1,1,1,-1,0,-1
34,9,29,1,1,1,0,0,1,0,-1,0
34,10,29,0,1,1,1,1,0,0,0,0
34,11,30,1,1,1,1,1,1,-1,-1,-1
34,12,39,1,1,0,1,1,0,-1,0,-1
34,13,227,1,1,0,1,1,0,-1,-1,0
34,14,226,1,1,0,0,1,1,0,0,0
34,15,226,0,0,0,0,0,1,0,-1,0
34,16,226,0,0,1,1,0,0,-1,0,0
34,17,228,1,0,0,0,0,1,0,0,0
34,18,228,0,0,1,1,1,0,0,0,0
34,19,203,1,0,1,1,1,0,0,0,0
34,20,187,1,0,0,0,0,0,-1,0,-1
34,21,187,0,0,1,1,0,0,0,0,0
34,22,183,1,1,1,1,0,1,0,-1,0
34,23,178,1,1,0,0,0,1,-1,0,-1
34,24,178,0,0,1,1,1,0,0,0,0
34,25,176,1,0,1,0,1,1,-1,-1,0
34,26,176,0,1,1,1,1,1,0,0,0
34,27,240,1,0,1,1,1,1,0,0,0
34,28,218,1,0,0,0,0,0,0,0,0
34,29,218,0,0,0,0,0,0,0,0,0
34,30,218,0,0,0,0,0,0,0,0,0
34,31,218,0,0,1,1,1,0,0,0,0
35,1,236,1,1,0,0,0,1,0,0,0
35,2,236,0,0,0,1,1,0,0,0,0
35,3,235,1,1,1,1,0,0,0,0,0
35,4,61,1,0,1,1,0,1,0,0,0
35,5,60,1,0,1,1,0,1,-1,0,-1
35,6,238,1,0,0,1,1,1,0,0,0
35,7,237,1,1,0,0,0,0,0,0,0
35,8,237,0,0,0,1,1,0,0,0,0
35,9,28,1,1,1,1,1,0,0,-1,0
35,10,42,1,1,0,1,1,1,0,-1,0
35,11,41,1,1,1,1,1,1,-1,-1,-1
35,12,40,1,1,1,1,1,1,-1,-1,-1
35,13,39,1,1,1,1,1,0,0,-1,0
35,14,227,1,1,1,1,1,0,0,0,0
35,15,226,1,0,0,0,0,0,0,0,0
35,16,226,0,0,1,1,0,0,0,0,0
35,17,228,1,0,0,0,0,1,0,-1,0
35,18,228,0,0,1,1,0,0,0,0,0
35,19,203,1,1,1,1,0,1,0,0,0
35,20,187,1,0,1,0,0,1,0,0,0
35,21,187,0,1,1,1,0,0,0,0,0
35,22,186,1,0,1,1,1,1,0,0,0
35,23,184,1,0,1,1,1,1,0,0,0
35,24,178,1,1,1,1,0,0,0,-1,0
35,25,176,1,1,1,1,0,1,0,0,-1
35,26,240,1,0,1,0,1,1,0,0,0
35,27,240,0,1,1,1,0,1,0,0,0
35,28,218,1,0,0,0,0,1,0,0,0
35,29,218,0,0,0,0,0,0,0,0,0
35,30,218,0,0,0,0,0,0,0,0,0
35,31,218,0,0,0,1,0,0,0,0,0
36,1,236,1,0,0,0,0,0,0,0,0
36,2,236,0,0,1,1,1,0,0,0,0
36,3,61,1,0,1,1,0,1,-1,0,-1
36,4,60,1,0,1,1,0,1,0,0,0
36,5,238,1,0,0,0,0,1,0,0,0
36,6,238,0,0,0,1,1,0,0,0,0
36,7,237,1,1,0,0,0,0,0,0,0
36,8,237,0,0,1,1,1,0,0,0,0
36,9,43,1,0,1,1,1,1,-1,0,-1
36,10,42,1,0,1,1,1,0,-1,0,-1
36,11,46,1,0,1,1,1,1,-1,0,-1
36,12,48,1,0,1,1,1,1,-1,0,-1
36,13,50,1,1,1,1,1,1,-1,-1,-1
36,14,226,1,1,1,0,0,1,0,0,0
36,15,226,0,1,1,1,0,0,0,0,0
36,16,228,1,0,0,0,0,1,0,0,0
36,17,228,0,0,1,1,0,0,-1,0,0
36,18,204,1,0,1,1,1,1,0,0,0
36,19,187,1,1,1,1,0,1,0,0,0
36,20,186,1,0,0,0,1,1,0,0,-1
36,21,186,0,0,1,1,0,1,-1,0,0
36,22,184,1,0,1,1,0,1,-1,0,-1
36,23,240,1,0,0,0,1,1,0,0,0
36,24,240,0,0,0,0,1,1,0,0,0
36,25,240,0,0,1,1,0,1,0,0,0
36,26,177,1,0,1,1,1,1,-1,0,-1
36,27,218,1,0,0,0,0,1,0,0,0
36,28,218,0,0,0,0,0,0,0,0,0
36,29,218,0,0,0,0,0,0,0,0,0
36,30,218,0,0,0,0,0,0,0,0,0
36,31,218,0,0,1,1,1,0,0,0,0
37,1,236,1,1,0,0,0,1,0,0,0
37,2,236,0,0,1,1,0,0,0,0,0
37,3,61,1,0,1,1,0,1,0,0,0
37,4,60,1,1,1,1,0,1,0,0,0
37,5,238,1,1,0,0,0,1,0,0,0
37,6,238,0,0,0,0,0,0,-1,-1,0
37,7,238,0,0,0,1,1,0,0,0,0
37,8,237,1,1,1,1,0,0,0,0,0
37,9,43,1,1,1,1,0,1,0,-1,0
37,10,42,1,1,1,1,0,1,0,0,0
37,11,46,1,1,1,1,0,1,0,-1,0
37,12,48,1,1,1,1,0,1,0,-1,0
37,13,51,1,1,1,0,1,1,0,-1,0
37,14,51,0,1,1,1,1,1,-1,0,-1
37,15,229,1,0,0,1,1,1,-1,-1,0
37,16,228,1,1,0,0,0,1,0,0,0
37,17,228,0,0,1,1,0,0,0,0,0
37,18,204,1,0,1,1,0,1,-1,0,-1
37,19,205,1,1,0,1,1,1,-1,0,-1
37,20,186,1,1,1,0,0,1,0,-1,0
37,21,186,0,1,1,1,0,0,0,0,0
37,22,184,1,1,1,1,0,1,0,-1,0
37,23,240,1,0,0,0,0,1,0,0,0
37,24,240,0,0,0,0,0,0,0,0,0
37,25,240,0,0,1,1,0,0,0,0,0
37,26,177,1,1,1,1,0,1,0,-1,0
37,27,218,1,1,1,0,0,1,0,0,0
37,28,218,0,1,1,0,0,0,0,0,0
37,29,218,0,1,1,0,0,0,0,0,0
37,30,218,0,1,1,0,0,0,0,0,0
37,31,218,0,1,1,1,0,0,0,0,0
38,1,236,1,0,0,1,0,0,0,0,0
38,2,61,1,1,0,1,0,1,0,0,0
38,3,59,1,1,0,0,1,1,0,0,0
38,4,59,0,0,0,1,1,1,0,0,0
38,5,238,1,1,0,0,0,0,0,0,0
38,6,238,0,0,0,0,0,0,0,0,0
38,7,238,0,0,1,1,1,0,0,0,0
38,8,44,1,1,1,1,1,1,-1,-1,-1
38,9,45,1,1,1,1,1,1,-1,-1,-1
38,10,47,1,1,0,1,1,1,-1,0,-1
38,11,49,1,1,1,1,1,1,-1,-1,-1
38,12,53,1,1,1,1,1,1,-1,-1,-1
38,13,52,1,1,1,1,1,1,-1,-1,-1
38,14,229,1,1,1,0,0,1,0,0,0
38,15,229,0,1,1,1,1,0,0,0,0
38,16,228,1,1,1,1,0,0,0,0,0
38,17,204,1,1,1,1,0,1,0,-1,0
38,18,242,1,1,0,1,1,1,0,0,0
38,19,205,1,1,1,1,1,0,0,-1,0
38,20,206,1,0,1,1,1,1,-1,0,-1
38,21,185,1,0,1,1,1,1,0,0,0
38,22,240,1,0,0,0,0,1,0,0,0
38,23,240,0,0,0,0,0,0,-1,0,0
38,24,240,0,0,1,1,0,0,0,0,0
38,25,239,1,0,0,0,1,1,0,0,0
38,26,239,0,0,0,0,1,1,0,0,0
38,27,239,0,0,0,0,1,1,0,0,0
38,28,239,0,0,0,0,1,1,0,0,0
38,29,239,0,0,0,0,1,1,0,0,0
38,30,239,0,0,0,0,1,1,0,0,0
38,31,239,0,0,1,1,1,1,0,0,0
39,1,236,1,1,0,0,0,1,0,0,0
39,2,236,0,0,1,1,1,0,0,0,0
39,3,61,1,0,1,1,1,0,0,0,0
39,4,59,1,1,0,0,0,0,0,0,0
39,5,59,0,0,0,1,1,0,0,-1,0
39,6,238,1,1,1,0,0,0,0,0,0
39,7,238,0,1,1,1,0,0,0,0,0
39,8,57,1,1,1,0,1,1,0,-1,0
39,9,57,0,1,1,1,1,1,-1,0,-1
39,10,56,1,0,0,1,1,1,0,0,0
39,11,47,1,1,1,1,1,0,0,-1,0
39,12,54,1,1,1,1,1,1,-1,-1,-1
39,13,230,1,0,1,1,1,1,0,0,0
39,14,62,1,1,1,1,1,1,-1,-1,-1
39,15,64,1,0,1,1,1,1,-1,-1,0
39,16,67,1,0,1,0,1,1,-1,0,-1
39,17,67,0,1,1,1,1,1,0,-1,0
39,18,68,1,1,0,1,1,1,0,-1,0
39,19,242,1,1,1,1,1,0,-1,-1,0
39,20,206,1,1,1,1,0,1,0,-1,0
39,21,185,1,0,1,1,0,1,-1,0,-1
39,22,240,1,0,0,0,0,1,0,0,0
39,23,240,0,0,0,0,0,0,0,-1,0
39,24,240,0,0,1,1,0,0,0,0,0
39,25,239,1,0,0,0,0,1,0,0,0
39,26,239,0,0,0,0,0,0,0,0,0
39,27,239,0,0,0,0,0,0,0,0,0
39,28,239,0,0,0,0,0,0,0,0,0
39,29,239,0,0,0,0,0,0,0,0,0
39,30,239,0,0,0,0,0,0,0,0,0
39,31,239,0,0,0,1,0,0,0,0,0
40,1,236,1,0,0,1,0,0,0,0,0
40,2,61,1,1,1,1,0,1,0,0,0
40,3,76,1,0,0,1,1,1,0,0,0
40,4,59,1,1,0,0,0,0,0,0,0
40,5,59,0,0,0,0,1,0,-1,0,-1
40,6,59,0,0,1,1,1,1,0,0,0
40,7,58,1,0,0,1,1,1,0,0,0
40,8,56,1,1,0,0,1,1,0,-1,0
40,9,56,0,0,0,0,0,1,-1,0,-1
40,10,56,0,0,1,1,1,0,0,0,0
40,11,55,1,0,1,1,1,1,-1,0,-1
40,12,230,1,0,0,1,0,1,-1,-1,0
40,13,63,1,1,0,1,1,1,-1,0,-1
40,14,64,1,1,1,1,0,1,0,0,-1
40,15,67,1,1,1,1,0,1,0,0,0
40,16,70,1,1,0,0,1,1,0,0,0
40,17,70,0,0,0,1,1,1,0,0,0
40,18,68,1,1,0,1,1,0,-1,0,-1
40,19,241,1,1,0,1,1,1,0,0,0
40,20,185,1,1,1,1,0,1,0,-1,0
40,21,240,1,0,0,0,0,1,0,0,0
40,22,240,0,0,1,0,0,0,0,0,0
40,23,240,0,1,1,1,0,0,0,0,0
40,24,239,1,0,0,0,0,1,0,0,0
40,25,239,0,0,0,0,0,0,0,0,0
40,26,239,0,0,0,0,0,0,0,0,0
40,27,239,0,0,0,0,0,0,0,0,0
40,28,239,0,0,0,0,0,0,0,0,0
40,29,239,0,0,0,0,0,0,0,0,0
40,30,239,0,0,0,0,0,0,0,0,0
40,31,239,0,0,1,1,1,0,0,0,0
41,1,236,1,1,0,0,0,1,0,0,0
41,2,236,0,0,0,1,1,0,0,0,0
41,3,76,1,1,0,0,0,1,0,0,0
41,4,76,0,0,0,1,1,0,0,0,0
41,5,59,1,1,1,0,0,0,0,0,0
41,6,59,0,1,1,1,0,0,0,0,0
41,7,58,1,1,0,0,0,1,0,-1,0
41,8,58,0,0,1,1,1,0,-1,0,-1
41,9,56,1,1,1,0,0,0,0,0,0
41,10,56,0,1,1,1,0,0,0,0,0
41,11,55,1,1,1,1,0,1,0,-1,0
41,12,230,1,1,1,0,0,1,0,0,0
41,13,230,0,1,1,1,1,0,0,0,0
41,14,63,1,1,1,1,1,0,0,-1,0
41,15,66,1,0,1,1,1,1,0,0,0
41,16,71,1,1,0,1,1,1,-1,0,-1
41,17,70,1,1,0,0,0,0,-1,0,-1
41,18,70,0,0,1,1,1,0,0,0,0
41,19,68,1,1,1,1,1,0,0,0,0
41,20,241,1,0,0,1,1,0,0,0,0
41,21,240,1,1,0,0,0,1,0,0,0
41,22,240,0,0,1,1,0,0,0,0,0
41,23,239,1,0,0,0,1,1,0,0,0
41,24,239,0,0,0,0,0,1,0,0,0
41,25,239,0,0,0,0,0,0,0,0,0
41,26,239,0,0,0,0,0,0,0,0,0
41,27,239,0,0,0,0,0,0,0,0,0
41,28,239,0,0,0,0,0,0,0,0,0
41,29,239,0,0,0,0,0,0,0,0,0
41,30,239,0,0,0,0,0,0,0,0,0
41,31,239,0,0,0,1,0,0,0,0,0
42,1,236,1,0,0,0,0,0,0,0,0
42,2,236,0,0,0,1,1,0,0,0,0
42,3,76,1,1,0,0,0,0,0,0,0
42,4,76,0,0,0,0,1,0,0,0,0
42,5,76,0,0,0,0,1,1,0,0,0
42,6,76,0,0,0,1,1,1,0,0,0
42,7,58,1,1,1,1,0,0,0,0,0
42,8,75,1,1,0,0,1,1,0,0,0
42,9,75,0,0,0,0,1,1,0,0,0
42,10,75,0,0,0,1,1,1,0,0,0
42,11,74,1,1,0,0,1,1,0,0,0
42,12,74,0,0,0,1,1,1,-1,-1,0
42,13,65,1,1,1,1,1,1,-1,-1,-1
42,14,66,1,0,1,1,0,1,-1,0,-1
42,15,72,1,0,1,1,1,1,-1,0,-1
42,16,71,1,1,1,1,1,0,0,-1,0
42,17,70,1,1,1,1,0,0,0,-1,0
42,18,69,1,0,1,1,1,1,-1,0,-1
42,19,241,1,0,0,0,0,1,0,0,0
42,20,241,0,0,0,1,1,0,0,0,0
42,21,240,1,1,1,1,0,0,0,0,0
42,22,239,1,0,0,0,0,1,0,0,0
42,23,239,0,0,0,0,0,0,0,0,0
42,24,239,0,0,0,0,0,0,0,0,0
42,25,239,0,0,0,0,0,0,0,0,0
42,26,239,0,0,0,0,0,0,0,0,0
42,27,239,0,0,0,0,0,0,0,0,0
42,28,239,0,0,0,0,0,0,0,0,0
42,29,239,0,0,0,0,0,0,0,0,0
42,30,239,0,0,0,0,0,0,0,0,0
42,31,239,0,0,1,1,1,0,0,0,0
43,1,236,1,1,0,0,0,1,0,0,0
43,2,236,0,0,0,0,0,0,0,0,0
43,3,236,0,0,0,1,1,0,0,0,0
43,4,76,1,1,1,0,0,0,0,0,0
43,5,76,0,1,1,0,0,0,0,0,0
43,6,76,0,1,0,0,0,0,0,0,0
43,7,76,0,0,0,0,1,0,0,-1,0
43,8,76,0,0,0,1,1,1,0,0,0
43,9,75,1,1,0,0,0,0,0,0,0
43,10,75,0,0,0,0,0,0,-1,0,-1
43,11,75,0,0,1,1,1,0,0,0,0
43,12,74,1,1,1,0,0,0,0,0,-1
43,13,74,0,1,1,1,1,0,0,0,0
43,14,66,1,1,1,1,0,1,0,-1,0
43,15,72,1,1,1,1,0,1,0,-1,0
43,16,243,1,0,0,0,1,1,0,0,0
43,17,243,0,0,0,1,1,1,0,0,0
43,18,69,1,1,1,1,0,1,0,-1,0
43,19,241,1,1,0,0,0,1,0,0,0
43,20,241,0,0,0,0,0,0,-1,-1,0
43,21,241,0,0,1,1,1,0,0,0,0
43,22,239,1,0,0,0,0,1,0,0,0
43,23,239,0,0,0,0,0,0,0,0,0
43,24,239,0,0,0,0,0,0,0,0,0
43,25,239,0,0,0,0,0,0,0,0,0
43,26,239,0,0,0,0,0,0,0,0,0
43,27,239,0,0,0,0,0,0,0,0,0
43,28,239,0,0,0,0,0,0,0,0,0
43,29,239,0,0,0,0,0,0,0,0,0
43,30,239,0,0,0,0,0,0,0,0,0
43,31,239,0,0,0,1,0,0,0,0,0
44,1,236,1,0,0,0,0,0,0,0,0
44,2,236,0,0,0,0,0,0,-1,-1,0
44,3,236,0,0,0,0,1,0,0,0,0
44,4,236,0,0,0,0,1,1,0,0,0
44,5,236,0,0,0,1,1,1,0,0,0
44,6,76,1,1,0,0,0,0,0,0,0
44,7,76,0,0,0,0,0,0,-1,0,0
44,8,76,0,0,1,1,1,0,0,0,0
44,9,75,1,1,0,0,0,0,0,-1,0
44,10,75,0,0,1,1,0,0,0,0,0
44,11,77,1,0,0,0,1,1,0,-1,0
44,12,77,0,0,0,1,1,1,0,0,0
44,13,73,1,1,0,0,1,1,0,0,0
44,14,73,0,0,0,1,1,1,-1,0,-1
44,15,243,1,1,0,0,0,1,0,0,0
44,16,243,0,0,0,0,0,0,0,0,0
44,17,243,0,0,0,0,1,0,0,0,0
44,18,243,0,0,0,1,1,1,0,0,0
44,19,241,1,1,0,0,0,0,0,0,0
44,20,241,0,0,1,1,0,0,0,0,0
44,21,239,1,0,0,0,0,1,0,0,0
44,22,239,0,0,0,0,0,0,0,0,0
44,23,239,0,0,0,0,0,0,0,0,0
44,24,239,0,0,0,0,0,0,0,0,0
44,25,239,0,0,0,0,0,0,0,0,0
44,26,239,0,0,0,0,0,0,0,0,0
44,27,239,0,0,0,0,0,0,0,0,0
44,28,239,0,0,0,0,0,0,0,0,0
44,29,239,0,0,0,0,0,0,0,0,0
44,30,239,0,0,0,0,0,0,0,0,0
44,31,239,0,0,1,1,1,0,0,0,0
45,1,236,1,1,0,0,0,1,0,0,0
45,2,236,0,0,0,0,0,0,0,0,0
45,3,236,0,0,0,0,0,0,0,0,0
45,4,236,0,0,0,0,0,0,0,0,0
45,5,236,0,0,0,0,0,0,0,0,0
45,6,236,0,0,1,1,1,0,0,0,0
45,7,76,1,0,1,0,0,0,0,0,-1
45,8,76,0,1,1,1,0,0,0,0,0
45,9,108,1,0,0,1,1,1,0,0,0
45,10,75,1,1,1,1,0,0,0,0,0
45,11,77,1,1,0,0,0,1,0,0,0
45,12,77,0,0,0,0,0,0,-1,0,0
45,13,77,0,0,1,1,1,0,0,0,0
45,14,73,1,1,1,0,0,0,0,0,0
45,15,73,0,1,1,1,1,0,0,-1,0
45,16,243,1,1,0,0,0,0,0,0,0
45,17,243,0,0,0,0,0,0,0,0,0
45,18,243,0,0,0,0,0,0,0,0,0
45,19,243,0,0,0,1,1,0,0,0,0
45,20,241,1,1,1,1,0,0,0,0,0
45,21,239,1,0,0,0,0,1,0,0,0
45,22,239,0,0,0,0,0,0,0,0,0
45,23,239,0,0,0,0,0,0,0,0,0
45,24,239,0,0,0,0,0,0,0,-1,0
45,25,239,0,0,0,0,0,0,0,0,0
45,26,239,0,0,0,0,0,0,0,0,0
45,27,239,0,0,0,0,0,0,-1,0,0
45,28,239,0,0,0,0,0,0,0,0,0
45,29,239,0,0,0,0,0,0,0,0,0
45,30,239,0,0,0,0,0,0,0,0,0
45,31,239,0,0,0,1,0,0,0,0,0
46,1,236,1,1,1,0,0,0,0,0,0
46,2,236,0,1,1,0,0,0,0,0,0
46,3,236,0,1,1,0,0,0,0,0,0
46,4,236,0,1,1,0,0,0,0,0,0
46,5,236,0,1,1,1,0,0,0,0,0
46,6,76,1,1,1,1,0,1,0,0,0
46,7,108,1,0,0,0,1,1,0,0,0
46,8,108,0,0,0,0,0,1,0,0,0
46,9,108,0,0,0,1,1,0,0,0,0
46,10,84,1,1,0,1,1,1,0,0,0
46,11,77,1,1,1,0,0,0,0,0,-1
46,12,77,0,1,1,1,0,0,0,0,0
46,13,78,1,1,1,0,1,1,-1,0,-1
46,14,78,0,1,1,1,1,1,0,-1,0
46,15,79,1,0,0,1,1,1,-1,0,-1
46,16,243,1,1,0,0,0,0,0,0,0
46,17,243,0,0,0,0,0,0,-1,-1,0
46,18,243,0,0,0,0,0,0,0,0,0
46,19,243,0,0,1,1,1,0,0,0,0
46,20,239,1,0,0,0,0,1,0,0,0
46,21,239,0,0,0,0,0,0,0,0,0
46,22,239,0,0,0,0,0,0,0,0,0
46,23,239,0,0,0,0,0,0,0,0,0
46,24,239,0,0,0,0,0,0,0,0,0
46,25,239,0,0,0,0,0,0,0,0,0
46,26,239,0,0,0,0,0,0,0,0,0
46,27,239,0,0,0,0,0,0,0,0,0
46,28,239,0,0,0,0,0,0,0,0,0
46,29,239,0,0,0,0,0,0,0,0,0
46,30,239,0,0,0,0,0,0,0,0,0
46,31,239,0,0,1,1,1,0,0,0,0
47,1,273,1,1,0,0,1,1,0,0,0
47,2,273,0,0,0,0,1,1,0,0,0
47,3,273,0,0,0,0,1,1,0,0,0
47,4,273,0,0,0,0,1,1,0,0,0
47,5,273,0,0,0,0,1,1,0,0,0
47,6,273,0,0,0,1,1,1,0,0,0
47,7,108,1,1,0,0,0,1,0,0,0
47,8,108,0,0,0,0,0,0,0,-1,0
47,9,108,0,0,0,0,0,0,0,0,0
47,10,108,0,0,0,1,1,0,0,0,0
47,11,84,1,1,0,0,1,0,0,0,0
47,12,84,0,0,0,1,1,1,0,-1,0
47,13,82,1,1,0,0,1,1,0,0,0
47,14,82,0,0,0,1,1,1,-1,0,-1
47,15,79,1,1,1,0,0,1,0,0,0
47,16,79,0,1,1,1,1,0,0,-1,0
47,17,243,1,1,0,0,0,0,0,0,0
47,18,243,0,0,0,0,0,0,0,0,0
47,19,243,0,0,1,1,0,0,0,0,0
47,20,239,1,1,0,0,0,1,0,0,0
47,21,239,0,0,0,0,0,0,0,0,0
47,22,239,0,0,0,0,0,0,0,0,0
47,23,239,0,0,0,0,0,0,0,0,0
47,24,239,0,0,0,0,0,0,0,0,0
47,25,239,0,0,0,0,0,0,0,0,0
47,26,239,0,0,0,0,0,0,0,0,0
47,27,239,0,0,0,0,0,0,0,0,0
47,28,239,0,0,0,0,0,0,0,0,0
47,29,239,0,0,0,0,0,0,0,0,0
47,30,239,0,0,0,0,0,0,0,0,0
47,31,239,0,0,0,1,0,0,0,0,0
48,1,273,1,0,0,0,0,0,0,0,0
48,2,273,0,0,0,0,0,0,0,0,0
48,3,273,0,0,0,0,0,0,0,0,0
48,4,273,0,0,0,0,0,0,0,0,0
48,5,273,0,0,0,0,0,0,0,0,0
48,6,273,0,0,1,1,1,0,0,0,0
48,7,108,1,0,0,0,0,0,0,0,0
48,8,108,0,0,0,0,0,0,-1,0,0
48,9,108,0,0,0,0,0,0,0,0,0
48,10,108,0,0,1,1,1,0,0,0,0
48,11,84,1,0,0,0,0,0,-1,0,0
48,12,84,0,0,1,1,1,0,0,0,0
48,13,82,1,1,1,0,0,0,0,-1,0
48,14,82,0,1,1,1,1,0,0,0,0
48,15,80,1,1,0,0,1,1,0,0,0
48,16,80,0,0,0,1,1,1,-1,0,-1
48,17,243,1,1,0,0,0,0,0,0,0
48,18,243,0,0,1,1,0,0,0,0,0
48,19,244,1,0,0,1,1,1,0,0,0
48,20,239,1,1,1,0,0,0,0,0,0
48,21,239,0,1,0,0,0,0,0,0,0
48,22,239,0,0,0,0,0,0,0,0,0
48,23,239,0,0,0,0,0,0,0,0,0
48,24,239,0,0,0,0,0,0,0,0,0
48,25,239,0,0,0,0,0,0,0,0,0
48,26,239,0,0,0,0,0,0,0,0,0
48,27,239,0,0,0,0,0,0,0,0,0
48,28,239,0,0,0,0,0,0,0,0,0
48,29,239,0,0,0,0,0,0,0,0,0
48,30,239,0,0,0,0,0,0,0,0,0
48,31,239,0,0,1,1,1,0,0,0,0
49,1,273,1,1,0,0,0,1,0,0,0
49,2,273,0,0,0,0,0,0,0,0,0
49,3,273,0,0,0,0,0,0,0,0,0
49,4,273,0,0,0,0,0,0,0,0,0
49,5,273,0,0,0,0,0,0,0,0,0
49,6,273,0,0,0,1,0,0,0,0,0
49,7,108,1,1,0,0,0,1,0,0,0
49,8,108,0,0,0,0,0,0,0,0,-1
49,9,108,0,0,0,0,0,0,0,0,0
49,10,108,0,0,1,1,0,0,0,0,0
49,11,84,1,0,1,0,0,1,0,0,0
49,12,84,0,1,1,1,0,0,0,0,-1
49,13,85,1,0,0,0,1,1,0,-1,0
49,14,85,0,0,0,1,1,1,0,0,0
49,15,83,1,1,0,1,1,1,0,0,0
49,16,80,1,1,1,0,0,0,0,0,0
49,17,80,0,1,1,1,1,0,0,-1,0
49,18,243,1,1,1,1,0,0,0,0,0
49,19,244,1,1,0,0,0,1,0,0,0
49,20,244,0,0,0,0,1,0,0,0,0
49,21,244,0,0,0,1,1,1,0,0,0
49,22,239,1,1,1,0,0,0,0,0,0
49,23,239,0,1,0,0,0,0,0,0,0
49,24,239,0,0,0,0,0,0,0,0,0
49,25,239,0,0,0,0,0,0,0,0,0
49,26,239,0,0,0,0,0,0,0,0,0
49,27,239,0,0,0,0,0,0,0,0,0
49,28,239,0,0,0,0,0,0,0,0,0
49,29,239,0,0,0,0,0,0,0,0,0
49,30,239,0,0,0,0,0,0,0,0,0
49,31,239,0,0,0,1,0,0,0,0,0
50,1,273,1,0,0,0,0,0,0,0,0
50,2,273,0,0,0,0,0,0,0,0,0
50,3,273,0,0,0,0,0,0,0,0,0
50,4,273,0,0,0,0,0,0,0,0,0
50,5,273,0,0,0,0,0,0,0,0,0
50,6,273,0,0,1,1,1,0,0,0,0
50,7,108,1,1,1,0,0,0,0,0,0
50,8,108,0,1,1,0,0,0,0,0,0
50,9,108,0,1,1,1,0,0,0,0,0
50,10,84,1,1,1,1,0,1,0,0,0
50,11,86,1,0,0,1,1,1,0,0,0
50,12,85,1,1,0,0,0,1,0,0,0
50,13,85,0,0,1,0,0,0,-1,0,-1
50,14,85,0,1,1,1,1,0,0,0,0
50,15,83,1,1,0,0,1,0,-1,0,-1
50,16,83,0,0,1,1,1,1,0,0,0
50,17,81,1,1,0,0,1,1,0,0,0
50,18,81,0,0,0,1,1,1,-1,0,-1
50,19,244,1,1,0,0,0,0,0,0,0
50,20,244,0,0,0,0,0,0,0,0,0
50,21,244,0,0,0,0,1,0,0,0,0
50,22,244,0,0,0,1,1,1,0,0,0
50,23,239,1,1,0,0,0,0,0,0,0
50,24,239,0,0,0,0,0,0,0,0,0
50,25,239,0,0,0,0,0,0,0,0,0
50,26,239,0,0,0,0,0,0,0,0,0
50,27,239,0,0,0,0,0,0,0,0,0
50,28,239,0,0,0,0,0,0,0,0,0
50,29,239,0,0,0,0,0,0,0,0,0
50,30,239,0,0,0,0,0,0,0,0,0
50,31,239,0,0,1,1,1,0,0,0,0
51,1,273,1,1,0,0,0,1,0,0,0
51,2,273,0,0,0,0,0,0,0,0,0
51,3,273,0,0,0,0,0,0,0,0,0
51,4,273,0,0,0,0,0,0,0,0,0
51,5,273,0,0,0,0,0,0,0,0,0
51,6,273,0,0,1,1,0,0,0,0,0
51,7,109,1,1,0,0,1,1,0,0,0
51,8,109,0,0,0,0,1,1,0,0,0
51,9,109,0,0,0,1,1,1,0,0,0
51,10,86,1,1,0,0,1,1,0,0,0
51,11,86,0,0,0,0,0,1,0,-1,0
51,12,86,0,0,0,1,1,0,0,0,0
51,13,85,1,1,1,1,0,0,0,0,0
51,14,88,1,0,0,0,1,1,0,0,0
51,15,88,0,0,0,1,1,1,0,0,0
51,16,83,1,1,1,1,0,0,0,-1,0
51,17,89,1,0,0,1,1,1,0,0,0
51,18,81,1,1,1,0,0,0,0,0,0
51,19,81,0,1,1,1,1,0,0,-1,0
51,20,244,1,0,0,0,0,0,0,0,0
51,21,244,0,0,0,0,0,0,0,0,0
51,22,244,0,0,0,0,0,0,0,0,0
51,23,244,0,0,0,1,1,0,0,0,0
51,24,239,1,1,0,0,0,0,0,0,0
51,25,239,0,0,0,0,0,0,0,0,0
51,26,239,0,0,0,0,0,0,0,0,0
51,27,239,0,0,0,0,0,0,0,0,0
51,28,239,0,0,0,0,0,0,0,0,0
51,29,239,0,0,0,0,0,0,0,0,0
51,30,239,0,0,0,0,0,0,0,0,0
51,31,239,0,0,0,1,0,0,0,0,0
52,1,273,1,0,0,0,0,0,0,0,0
52,2,273,0,0,0,0,0,0,0,0,0
52,3,273,0,0,0,0,0,0,0,0,0
52,4,273,0,0,0,0,0,0,0,0,0
52,5,273,0,0,0,2,0,0,0,0,0
52,6,111,1,1,0,1,1,1,0,0,0
52,7,109,1,1,0,0,0,0,0,0,0
52,8,109,0,0,0,0,0,0,-1,0,-1
52,9,109,0,0,0,1,1,0,0,0,0
52,10,86,1,1,0,0,0,0,0,0,0
52,11,86,0,0,0,0,0,0,-1,0,-1
52,12,86,0,0,1,1,1,0,0,0,0
52,13,88,1,0,0,0,0,1,0,-1,0
52,14,88,0,0,1,0,0,0,-1,0,-1
52,15,88,0,1,1,1,1,0,0,0,0
52,16,89,1,0,1,0,0,1,-1,0,-1
52,17,89,0,1,1,1,1,0,0,-1,0
52,18,245,1,0,0,1,1,1,0,0,0
52,19,244,1,1,0,0,0,1,0,0,0
52,20,244,0,0,0,0,0,0,0,0,0
52,21,244,0,0,0,0,0,0,0,-1,0
52,22,244,0,0,0,0,0,0,0,0,0
52,23,244,0,0,0,1,1,0,0,0,0
52,24,239,1,1,1,0,0,0,0,0,0
52,25,239,0,1,1,0,0,0,0,0,0
52,26,239,0,1,1,0,0,0,0,0,0
52,27,239,0,1,1,0,0,0,0,0,0
52,28,239,0,1,1,0,0,0,0,0,0
52,29,239,0,1,1,0,0,0,0,0,0
52,30,239,0,1,1,0,0,0,0,0,0
52,31,239,0,1,1,1,1,0,0,0,0
53,1,273,1,1,0,0,0,1,0,0,0
53,2,273,0,0,0,0,0,0,0,0,0
53,3,273,0,0,0,0,0,0,0,0,0
53,4,273,0,0,0,0,0,0,0,0,0
53,5,273,0,0,0,0,0,0,0,0,0
53,6,273,0,0,1,1,1,0,0,0,0
53,7,111,1,0,0,1,1,0,0,0,0
53,8,109,1,1,0,0,0,0,0,-1,0
53,9,109,0,0,1,0,0,0,0,0,0
53,10,109,0,1,1,1,1,0,0,0,0
53,11,86,1,1,1,0,0,0,0,0,0
53,12,86,0,1,1,1,0,0,0,0,0
53,13,88,1,1,1,0,0,1,0,0,0
53,14,88,0,1,1,1,0,0,0,0,0
53,15,87,1,0,1,1,1,1,0,0,0
53,16,89,1,1,1,1,0,1,0,0,0
53,17,90,1,0,1,1,1,1,0,0,0
53,18,245,1,0,0,0,0,1,0,-1,0
53,19,245,0,0,1,1,1,0,-1,0,0
53,20,244,1,1,0,0,0,0,0,0,0
53,21,244,0,0,0,0,0,0,0,0,0
53,22,244,0,0,0,0,0,0,-1,0,0
53,23,244,0,0,0,0,0,0,0,0,0
53,24,244,0,0,1,1,1,0,0,0,0
53,25,247,1,0,0,0,1,1,0,0,0
53,26,247,0,0,0,0,1,1,0,0,0
53,27,247,0,0,0,0,1,1,0,0,0
53,28,247,0,0,0,0,1,1,0,0,0
53,29,247,0,0,0,0,1,1,0,0,0
53,30,247,0,0,0,0,1,1,0,0,0
53,31,247,0,0,0,1,1,1,0,0,0
54,1,273,1,0,0,0,0,0,0,0,0
54,2,273,0,0,0,0,0,0,0,0,0
54,3,273,0,0,0,0,0,0,0,0,0
54,4,273,0,0,0,0,0,0,0,0,0
54,5,273,0,0,1,1,0,0,0,0,0
54,6,111,1,0,0,0,0,1,0,0,0
54,7,111,0,0,1,1,1,0,0,0,0
54,8,109,1,1,1,1,0,0,0,0,0
54,9,106,1,1,0,0,1,1,0,0,0
54,10,106,0,0,0,1,1,1,0,0,0
54,11,100,1,1,0,0,1,1,0,0,0
54,12,100,0,0,1,1,1,1,0,0,0
54,13,87,1,0,0,0,1,1,0,-1,0
54,14,87,0,0,1,1,0,1,-1,0,-1
54,15,90,1,1,0,0,1,1,0,0,0
54,16,90,0,0,0,1,0,1,-1,-1,0
54,17,245,1,1,1,0,0,1,0,0,0
54,18,245,0,1,1,1,0,0,0,0,0
54,19,120,1,1,1,1,1,1,-1,-1,-1
54,20,244,1,1,1,0,0,0,0,0,0
54,21,244,0,1,0,0,0,0,0,0,0
54,22,244,0,0,0,0,0,0,0,0,0
54,23,244,0,0,0,1,0,0,0,0,0
54,24,247,1,1,0,0,0,1,0,0,0
54,25,247,0,0,0,0,0,0,0,0,0
54,26,247,0,0,0,0,0,0,0,0,0
54,27,247,0,0,0,0,0,0,0,0,0
54,28,247,0,0,0,0,0,0,0,0,0
54,29,247,0,0,0,0,0,0,0,0,0
54,30,247,0,0,0,0,0,0,0,0,0
54,31,247,0,0,1,1,1,0,0,0,0
55,1,273,1,1,0,0,0,1,0,0,0
55,2,273,0,0,0,0,0,0,0,0,0
55,3,273,0,0,0,0,0,0,0,0,0
55,4,273,0,0,0,0,0,0,0,0,0
55,5,273,0,0,0,1,0,0,0,0,0
55,6,111,1,1,0,0,0,1,0,0,0
55,7,111,0,0,1,1,0,0,-1,0,-1
55,8,110,1,0,0,1,1,1,0,0,0
55,9,107,1,1,0,1,1,1,0,0,0
55,10,106,1,1,0,0,0,0,0,-1,0
55,11,106,0,0,1,1,1,0,-1,0,-1
55,12,100,1,0,0,1,0,0,-1,0,-1
55,13,87,1,1,1,0,0,1,0,0,0
55,14,87,0,1,1,1,0,0,0,0,0
55,15,95,1,0,0,1,1,1,0,0,0
55,16,90,1,1,1,0,0,0,0,0,-1
55,17,90,0,1,1,1,1,0,0,0,0
55,18,91,1,1,1,1,1,1,-1,-1,-1
55,19,246,1,0,0,0,1,1,0,0,0
55,20,246,0,0,0,1,1,1,0,0,0
55,21,121,1,1,1,1,1,1,-1,-1,-1
55,22,244,1,1,0,0,0,0,0,0,0
55,23,244,0,0,0,0,0,0,0,0,0
55,24,244,0,0,1,1,1,0,0,0,0
55,25,247,1,0,0,0,0,0,0,0,0
55,26,247,0,0,0,0,0,0,0,0,0
55,27,247,0,0,0,0,0,0,0,0,0
55,28,247,0,0,0,0,0,0,0,0,0
55,29,247,0,0,0,0,0,0,0,0,0
55,30,247,0,0,0,0,0,0,0,0,0
55,31,247,0,0,0,1,0,0,0,0,0
56,1,273,1,0,0,0,0,0,0,0,0
56,2,273,0,0,0,0,0,0,0,0,0
56,3,273,0,0,0,0,0,0,0,0,0
56,4,273,0,0,0,0,0,0,0,0,0
56,5,273,0,0,0,1,1,0,0,0,0
56,6,111,1,1,0,1,0,0,0,-1,0
56,7,110,1,1,0,0,0,1,0,-1,0
56,8,110,0,0,1,1,1,0,-1,0,-1
56,9,107,1,0,0,1,1,0,-1,0,-1
56,10,106,1,1,1,1,0,0,0,0,0
56,11,100,1,1,1,0,0,1,0,-1,0
56,12,100,0,1,1,1,1,0,0,0,0
56,13,97,1,0,1,1,1,1,-1,0,-1
56,14,95,1,0,0,0,0,1,0,-1,0
56,15,95,0,0,1,1,1,0,-1,0,-1
56,16,93,1,0,1,1,1,1,-1,0,-1
56,17,92,1,1,1,1,1,1,-1,-1,-1
56,18,246,1,1,0,0,0,1,0,0,0
56,19,246,0,0,1,0,0,0,-1,-1,0
56,20,246,0,1,0,0,1,0,0,0,0
56,21,246,0,0,1,1,1,1,0,0,0
56,22,244,1,1,0,0,0,0,0,0,0
56,23,244,0,0,1,1,0,0,0,0,0
56,24,247,1,1,1,0,0,1,0,0,0
56,25,247,0,1,1,0,0,0,0,0,0
56,26,247,0,1,0,0,0,0,0,0,0
56,27,247,0,0,0,0,0,0,0,0,0
56,28,247,0,0,0,0,0,0,0,0,0
56,29,247,0,0,0,0,0,0,0,0,0
56,30,247,0,0,0,0,0,0,0,0,0
56,31,247,0,0,1,1,1,0,0,0,0
57,1,273,1,1,0,0,0,1,0,0,0
57,2,273,0,0,0,0,0,0,0,0,0
57,3,273,0,0,0,0,0,0,0,0,0
57,4,273,0,0,0,0,0,0,0,0,0
57,5,273,0,0,0,0,0,0,0,0,0
57,6,273,0,0,1,1,1,0,0,0,0
57,7,111,1,0,1,1,1,0,0,0,0
57,8,110,1,0,1,1,0,0,0,0,0
57,9,107,1,1,0,0,0,1,0,-1,0
57,10,107,0,0,1,1,1,0,0,0,0
57,11,101,1,0,0,0,1,1,-1,0,-1
57,12,101,0,0,1,1,1,1,0,0,0
57,13,97,1,1,1,1,0,1,0,-1,0
57,14,95,1,1,1,0,0,1,0,0,0
57,15,95,0,1,1,1,0,0,0,0,0
57,16,93,1,1,1,1,0,1,0,-1,0
57,17,250,1,0,0,0,1,1,0,0,0
57,18,250,0,0,0,1,1,1,0,0,0
57,19,246,1,1,1,1,0,0,0,0,0
57,20,119,1,1,1,1,1,1,-1,-1,-1
57,21,246,1,1,0,1,0,0,0,0,0
57,22,123,1,1,1,1,1,1,-1,-1,-1
57,23,244,1,1,1,1,0,0,0,0,0
57,24,127,1,0,0,1,1,1,0,0,0
57,25,128,1,1,0,0,1,1,0,0,0
57,26,128,0,0,0,1,1,1,0,0,0
57,27,247,1,1,0,0,0,0,0,0,0
57,28,247,0,0,0,0,0,0,0,0,0
57,29,247,0,0,0,0,0,0,0,0,0
57,30,247,0,0,0,0,0,0,0,0,0
57,31,247,0,0,0,1,0,0,0,0,0
58,1,273,1,0,0,0,0,0,0,0,0
58,2,273,0,0,0,0,0,0,0,0,0
58,3,273,0,0,0,0,0,0,0,0,0
58,4,273,0,0,0,0,0,0,0,0,0
58,5,273,0,0,0,1,0,0,0,0,0
58,6,111,1,1,0,1,0,1,0,0,0
58,7,110,1,1,1,1,0,1,0,0,0
58,8,112,1,0,1,1,1,1,0,0,0
58,9,107,1,1,1,1,0,0,0,0,0
58,10,101,1,1,0,0,0,1,0,-1,0
58,11,101,0,0,1,1,0,0,0,0,0
58,12,99,1,1,1,1,1,1,-1,-1,-1
58,13,98,1,1,1,1,1,1,-1,-1,-1
58,14,96,1,1,1,1,1,1,-1,-1,-1
58,15,94,1,1,1,1,1,1,-1,-1,-1
58,16,250,1,1,0,0,0,1,0,0,0
58,17,250,0,0,1,0,0,0,0,0,0
58,18,250,0,1,0,1,1,0,0,0,0
58,19,118,1,1,1,1,1,1,-1,-1,-1
58,20,250,1,0,1,1,1,1,0,0,0
58,21,246,1,1,0,1,1,0,0,0,0
58,22,249,1,1,0,1,1,1,0,0,0
58,23,127,1,1,0,0,0,1,0,0,0
58,24,127,0,0,1,1,1,0,0,0,0
58,25,128,1,0,0,0,0,0,0,0,0
58,26,128,0,0,1,1,1,0,0,0,0
58,27,247,1,0,0,0,0,0,0,0,0
58,28,247,0,0,0,0,0,0,0,0,0
58,29,247,0,0,0,0,0,0,0,0,0
58,30,247,0,0,0,0,0,0,0,0,0
58,31,247,0,0,1,1,1,0,0,0,0
59,1,273,1,1,0,0,0,1,0,0,0
59,2,273,0,0,0,0,0,0,0,0,0
59,3,273,0,0,0,0,0,0,0,0,0
59,4,273,0,0,0,0,0,0,0,0,0
59,5,273,0,0,0,0,0,0,0,0,0
59,6,273,0,0,1,1,1,0,0,0,0
59,7,111,1,0,0,1,1,0,0,0,0
59,8,112,1,1,0,1,0,1,0,0,0
59,9,102,1,1,0,0,1,1,0,0,0
59,10,102,0,0,0,1,1,1,-1,0,-1
59,11,101,1,1,1,1,0,0,0,0,0
59,12,104,1,0,1,1,1,1,-1,-1,0
59,13,254,1,1,0,0,1,1,0,0,0
59,14,254,0,0,0,0,1,1,-1,0,-1
59,15,254,0,0,0,0,1,1,0,0,0
59,16,254,0,0,1,0,1,1,0,0,0
59,17,254,0,1,1,1,1,1,0,0,0
59,18,116,1,1,0,1,1,1,-1,0,-1
59,19,250,1,1,0,0,1,0,0,0,0
59,20,250,0,0,0,1,0,1,0,0,0
59,21,122,1,1,1,1,1,1,-1,-1,-1
59,22,246,1,0,1,1,1,0,0,0,0
59,23,249,1,0,1,1,1,0,0,0,0
59,24,127,1,0,0,1,0,0,-1,0,-1
59,25,128,1,1,0,0,0,1,-1,0,-1
59,26,128,0,0,0,1,0,0,0,0,0
59,27,247,1,1,0,0,0,1,0,0,0
59,28,247,0,0,0,0,0,0,0,0,0
59,29,247,0,0,0,0,0,0,0,0,0
59,30,247,0,0,0,0,0,0,0,0,0
59,31,247,0,0,0,1,0,0,0,0,0
60,1,273,1,0,0,0,0,0,0,0,0
60,2,273,0,0,0,0,0,0,0,0,0
60,3,273,0,0,0,0,0,0,0,0,0
60,4,273,0,0,0,0,0,0,0,0,0
60,5,273,0,0,0,1,0,0,0,0,0
60,6,111,1,1,1,0,0,1,0,0,0
60,7,111,0,1,1,1,1,0,0,0,0
60,8,112,1,0,0,1,1,0,-1,0,-1
60,9,102,1,1,1,0,0,0,0,-1,0
60,10,102,0,1,1,1,1,0,0,0,0
60,11,104,1,1,1,1,0,1,0,0,-1
60,12,103,1,1,1,1,1,1,-1,-1,-1
60,13,254,1,1,1,0,0,0,0,-1,0
60,14,254,0,1,1,0,0,0,0,0,0
60,15,254,0,1,1,1,0,0,0,0,0
60,16,272,1,1,1,1,1,1,-1,-1,-1
60,17,253,1,0,1,1,1,1,0,0,0
60,18,116,1,1,1,1,1,0,0,-1,0
60,19,250,1,0,0,0,0,0,0,-1,0
60,20,250,0,0,1,1,1,0,0,0,0
60,21,246,1,1,1,1,0,1,0,0,0
60,22,249,1,0,0,1,0,1,0,0,0
60,23,127,1,1,0,0,0,1,0,-1,0
60,24,127,0,0,1,1,1,0,0,0,0
60,25,128,1,0,0,0,0,0,0,0,0
60,26,128,0,0,1,1,1,0,0,-1,0
60,27,247,1,0,0,0,0,0,0,-1,0
60,28,247,0,0,0,0,0,0,-1,0,0
60,29,247,0,0,0,0,0,0,0,0,0
60,30,247,0,0,0,0,0,0,0,0,0
60,31,247,0,0,1,1,1,0,0,0,0
61,1,273,1,1,0,0,0,1,0,0,0
61,2,273,0,0,0,0,0,0,0,0,0
61,3,273,0,0,0,0,0,0,0,0,0
61,4,273,0,0,0,0,0,0,0,0,0
61,5,273,0,0,0,0,0,0,0,0,0
61,6,273,0,0,1,1,1,0,0,0,0
61,7,113,1,0,0,1,1,1,0,0,0
61,8,112,1,1,0,0,0,1,0,-1,0
61,9,112,0,0,1,1,1,0,0,0,0
61,10,105,1,1,1,0,1,1,0,0,0
61,11,105,0,1,1,0,1,1,-1,0,-1
61,12,105,0,1,1,1,1,1,0,-1,0
61,13,255,1,0,1,0,1,1,0,0,0
61,14,255,0,1,0,1,1,1,0,0,0
61,15,269,1,1,1,1,1,1,-1,-1,-1
61,16,253,1,0,0,0,1,1,0,0,0
61,17,253,0,0,1,1,0,1,0,0,0
61,18,251,1,0,0,1,1,1,0,0,0
61,19,250,1,1,0,0,0,1,0,0,0
61,20,250,0,0,0,1,0,0,-1,0,0
61,21,124,1,1,1,1,1,1,-1,-1,-1
61,22,249,1,1,0,0,0,1,0,0,0
61,23,249,0,0,1,1,1,0,0,0,0
61,24,127,1,1,1,1,0,0,0,0,0
61,25,128,1,1,1,0,0,1,0,0,0
61,26,128,0,1,1,1,0,0,0,0,0
61,27,247,1,1,0,0,0,1,0,0,0
61,28,247,0,0,0,0,0,0,0,0,0
61,29,247,0,0,0,0,0,0,0,0,0
61,30,247,0,0,0,0,0,0,0,0,0
61,31,247,0,0,0,1,0,0,0,0,0
62,1,273,1,0,0,0,0,0,0,0,0
62,2,273,0,0,0,0,0,0,0,0,0
62,3,273,0,0,0,0,0,0,0,0,0
62,4,273,0,0,0,0,0,0,0,0,0
62,5,273,0,0,0,1,0,0,0,0,0
62,6,113,1,1,0,0,0,1,0,0,0
62,7,113,0,0,0,1,1,0,0,0,0
62,8,112,1,1,1,1,0,0,0,0,0
62,9,114,1,0,1,1,1,1,-1,0,-1
62,10,256,1,0,1,1,1,1,0,0,0
62,11,255,1,0,1,0,1,1,-1,-1,0
62,12,255,0,1,1,1,0,1,0,0,0
62,13,267,1,1,1,1,1,1,-1,-1,-1
62,14,255,1,1,1,1,1,0,0,0,0
62,15,253,1,1,0,0,0,1,0,0,0
62,16,253,0,0,0,1,0,0,0,0,0
62,17,251,1,1,0,0,0,1,0,0,0
62,18,251,0,0,0,1,1,0,0,0,0
62,19,250,1,1,0,0,0,0,0,0,0
62,20,250,0,0,0,1,1,0,0,0,0
62,21,125,1,1,1,1,1,1,-1,-1,-1
62,22,249,1,0,0,1,0,0,0,0,0
62,23,129,1,1,0,0,1,1,0,0,0
62,24,129,0,0,0,0,1,1,-1,0,-1
62,25,129,0,0,0,0,1,1,0,0,0
62,26,129,0,0,1,1,1,1,0,0,0
62,27,247,1,0,0,0,0,0,0,0,0
62,28,247,0,0,0,0,0,0,0,0,0
62,29,247,0,0,0,0,0,0,0,0,0
62,30,247,0,0,0,0,0,0,0,0,0
62,31,247,0,0,1,1,1,0,0,0,0
63,1,273,1,1,0,0,0,1,0,0,0
63,2,273,0,0,0,0,0,0,0,0,0
63,3,273,0,0,0,0,0,0,0,0,0
63,4,273,0,0,0,0,0,0,0,0,0
63,5,273,0,0,0,0,0,0,0,0,0
63,6,273,0,0,1,1,1,0,0,0,0
63,7,113,1,1,0,0,0,0,0,-1,0
63,8,113,0,0,1,1,1,0,-1,0,-1
63,9,114,1,1,1,1,0,1,0,-1,0
63,10,256,1,0,1,1,0,1,0,0,0
63,11,255,1,1,0,1,0,1,0,0,0
63,12,265,1,1,1,1,1,1,-1,-1,-1
63,13,266,1,1,1,1,1,1,-1,-1,-1
63,14,253,1,0,0,1,1,1,0,0,0
63,15,268,1,1,1,1,1,1,-1,-1,-1
63,16,253,1,0,0,0,0,0,-1,-1,0
63,17,253,0,0,1,1,1,0,0,0,0
63,18,251,1,0,0,0,0,0,0,0,0
63,19,251,0,0,0,1,1,0,0,0,0
63,20,250,1,1,0,0,0,0,0,0,0
63,21,250,0,0,1,1,1,0,0,0,0
63,22,249,1,1,0,0,0,1,0,0,0
63,23,249,0,0,0,1,1,0,0,0,0
63,24,129,1,1,1,0,0,0,0,-1,0
63,25,129,0,1,1,0,0,0,0,0,0
63,26,129,0,1,1,1,0,0,0,0,0
63,27,247,1,0,0,0,0,1,0,0,0
63,28,247,0,0,0,0,0,0,0,0,0
63,29,247,0,0,0,0,0,0,0,0,0
63,30,247,0,0,0,0,0,0,0,0,0
63,31,247,0,0,0,1,0,0,0,0,0
64,1,273,1,0,0,0,0,0,0,0,0
64,2,273,0,0,0,0,0,0,0,0,0
64,3,273,0,0,0,0,0,0,0,0,0
64,4,273,0,0,0,0,0,0,0,0,0
64,5,273,0,0,1,1,0,0,0,0,0
64,6,258,1,0,0,1,1,1,0,0,0
64,7,113,1,1,0,1,0,0,0,0,0
64,8,115,1,1,0,1,1,1,-1,0,-1
64,9,256,1,1,0,1,0,1,0,0,0
64,10,263,1,1,1,1,1,1,-1,-1,-1
64,11,255,1,0,1,1,1,0,0,0,0
64,12,256,1,0,0,1,1,1,0,0,0
64,13,253,1,1,0,0,0,1,0,0,0
64,14,253,0,0,0,0,1,0,0,0,0
64,15,253,0,0,1,0,0,1,0,0,0
64,16,253,0,1,1,1,0,0,0,0,0
64,17,251,1,0,0,0,0,1,0,0,0
64,18,251,0,0,0,0,0,0,0,0,0
64,19,251,0,0,0,1,1,0,0,0,0
64,20,250,1,1,1,1,0,0,0,0,0
64,21,126,1,0,0,1,1,1,-1,0,-1
64,22,249,1,1,0,0,0,0,0,0,0
64,23,249,0,0,0,0,1,0,0,0,0
64,24,249,0,0,0,0,1,1,0,0,0
64,25,249,0,0,1,1,1,1,0,0,0
64,26,247,1,0,0,0,0,1,0,0,0
64,27,247,0,0,0,0,0,0,0,0,0
64,28,247,0,0,0,0,0,0,0,0,0
64,29,247,0,0,0,0,0,0,0,0,0
64,30,247,0,0,0,0,0,0,0,0,0
64,31,247,0,0,1,1,1,0,0,0,0
65,1,273,1,1,0,0,0,1,0,0,0
65,2,273,0,0,0,0,0,0,0,0,0
65,3,273,0,0,0,0,0,0,0,0,0
65,4,273,0,0,0,0,0,0,0,0,0
65,5,273,0,0,0,1,0,0,0,0,0
65,6,258,1,1,0,0,0,1,0,0,0
65,7,258,0,0,0,1,1,0,0,0,0
65,8,113,1,1,1,1,1,0,0,0,0
65,9,115,1,1,1,1,1,0,0,-1,0
65,10,256,1,0,1,1,1,0,0,0,0
65,11,255,1,1,1,1,0,1,0,0,0
65,12,256,1,0,0,0,0,1,0,0,0
65,13,256,0,0,0,1,1,0,0,0,0
65,14,253,1,1,1,0,0,0,0,0,0
65,15,253,0,1,1,1,0,0,0,0,0
65,16,256,1,0,1,1,1,1,0,0,0
65,17,117,1,1,1,1,1,1,-1,-1,-1
65,18,251,1,0,0,0,0,0,0,0,0
65,19,251,0,0,0,0,0,0,-1,-1,0
65,20,251,0,0,0,1,1,0,0,0,0
65,21,126,1,1,1,0,0,1,0,-1,0
65,22,126,0,1,1,1,1,0,0,0,0
65,23,249,1,0,0,0,0,0,0,0,0
65,24,249,0,0,0,0,0,0,-1,-1,0
65,25,249,0,0,1,1,0,0,0,0,0
65,26,247,1,1,0,0,0,1,0,0,0
65,27,247,0,0,0,0,0,0,0,0,0
65,28,247,0,0,0,0,0,0,0,0,0
65,29,247,0,0,0,0,0,0,0,0,0
65,30,247,0,0,0,0,0,0,0,0,0
65,31,247,0,0,0,1,0,0,0,0,0
66,1,273,1,0,0,0,0,0,0,0,0
66,2,273,0,0,0,0,0,0,0,0,0
66,3,273,0,0,0,0,0,0,0,0,0
66,4,273,0,0,0,0,0,0,0,0,0
66,5,273,0,0,0,1,1,0,0,0,0
66,6,258,1,1,0,0,0,0,0,0,0
66,7,258,0,0,0,0,1,0,0,0,0
66,8,258,0,0,1,1,1,1,0,0,0
66,9,256,1,0,0,1,0,1,0,0,0
66,10,264,1,1,1,1,1,1,-1,-1,-1
66,11,256,1,0,0,0,0,1,0,0,0
66,12,256,0,0,0,0,0,0,-1,-1,0
66,13,256,0,0,0,0,1,0,0,0,0
66,14,256,0,0,0,0,1,1,0,0,0
66,15,256,0,0,1,1,0,1,0,0,0
66,16,257,1,0,1,1,1,1,0,0,0
66,17,251,1,0,0,0,0,1,0,0,0
66,18,251,0,0,0,0,0,0,0,0,0
66,19,251,0,0,1,0,0,0,0,0,0
66,20,251,0,1,1,1,1,0,0,0,0
66,21,252,1,0,0,1,1,1,0,0,0
66,22,249,1,1,0,0,0,1,0,0,0
66,23,249,0,0,0,0,0,0,0,0,0
66,24,249,0,0,1,1,0,0,0,0,0
66,25,130,1,1,1,1,1,1,-1,-1,-1
66,26,247,1,1,1,0,0,0,0,0,0
66,27,247,0,1,1,0,0,0,0,0,0
66,28,247,0,1,1,0,0,0,0,0,0
66,29,247,0,1,1,0,0,0,0,0,0
66,30,247,0,1,1,0,0,0,0,0,0
66,31,247,0,1,1,1,1,0,0,0,0
67,1,273,1,1,0,0,0,1,0,0,0
67,2,273,0,0,0,0,0,0,0,0,0
67,3,273,0,0,0,0,0,0,0,0,0
67,4,273,0,0,0,0,0,0,0,0,0
67,5,273,0,0,0,0,0,0,0,0,0
67,6,273,0,0,1,1,1,0,0,0,0
67,7,258,1,0,0,0,0,0,0,0,0
67,8,258,0,0,0,1,0,0,0,0,0
67,9,256,1,1,0,0,0,1,0,0,0
67,10,256,0,0,0,0,1,0,0,0,0
67,11,256,0,0,0,0,0,1,0,0,0
67,12,256,0,0,1,0,0,0,0,0,0
67,13,256,0,1,1,0,0,0,0,0,0
67,14,256,0,1,1,0,0,0,0,0,0
67,15,256,0,1,1,1,0,0,0,0,0
67,16,257,1,0,0,1,0,1,0,0,0
67,17,251,1,1,0,0,0,1,0,0,0
67,18,251,0,0,0,0,0,0,0,0,0
67,19,251,0,0,1,1,0,0,0,0,0
67,20,252,1,0,0,0,1,1,0,0,0
67,21,252,0,0,0,0,0,1,0,0,0
67,22,252,0,0,1,1,1,0,0,0,0
67,23,249,1,1,1,0,0,0,0,0,0
67,24,249,0,1,1,1,0,0,0,0,0
67,25,248,1,0,0,0,1,1,0,0,0
67,26,248,0,0,0,0,1,1,0,0,0
67,27,248,0,0,0,0,1,1,0,0,0
67,28,248,0,0,0,0,1,1,0,0,0
67,29,248,0,0,0,0,1,1,0,0,0
67,30,248,0,0,0,0,1,1,0,0,0
67,31,248,0,0,0,1,1,1,0,0,0
68,1,273,1,0,0,0,0,0,0,0,0
68,2,273,0,0,0,0,0,0,0,0,0
68,3,273,0,0,0,0,0,0,0,0,0
68,4,273,0,0,0,0,0,0,0,0,0
68,5,273,0,0,0,1,0,0,0,0,0
68,6,258,1,1,0,0,0,1,0,0,0
68,7,258,0,0,0,0,0,0,-1,-1,0
68,8,258,0,0,1,1,1,0,0,0,0
68,9,256,1,1,1,0,0,0,0,0,0
68,10,256,0,1,1,0,0,0,0,0,0
68,11,256,0,1,1,1,0,0,0,0,0
68,12,257,1,0,0,0,1,1,0,0,0
68,13,257,0,0,0,0,1,1,0,0,0
68,14,257,0,0,0,0,1,1,0,0,0
68,15,257,0,0,0,0,0,1,0,0,0
68,16,257,0,0,1,1,1,0,0,0,0
68,17,251,1,1,1,0,0,0,0,0,0
68,18,251,0,1,1,1,0,0,0,0,0
68,19,252,1,0,0,0,0,1,0,0,0
68,20,252,0,0,0,0,0,0,0,0,0
68,21,252,0,0,0,1,0,0,0,0,0
68,22,131,1,1,1,1,1,1,-1,-1,-1
68,23,248,1,0,0,0,1,1,0,0,0
68,24,248,0,0,0,0,0,1,0,0,0
68,25,248,0,0,0,0,0,0,0,0,0
68,26,248,0,0,0,0,0,0,0,0,0
68,27,248,0,0,0,0,0,0,0,0,0
68,28,248,0,0,0,0,0,0,0,0,0
68,29,248,0,0,0,0,0,0,0,0,0
68,30,248,0,0,0,0,0,0,0,0,0
68,31,248,0,0,1,1,1,0,0,0,0
69,1,273,1,1,0,0,0,1,0,0,0
69,2,273,0,0,0,0,0,0,0,0,0
69,3,273,0,0,0,0,0,0,0,0,0
69,4,273,0,0,0,0,0,0,0,0,0
69,5,273,0,0,0,0,0,0,0,0,0
69,6,273,0,0,1,1,1,0,0,0,0
69,7,258,1,0,0,0,0,0,0,0,0
69,8,258,0,0,0,1,0,0,0,0,0
69,9,257,1,1,0,0,1,1,0,0,0
69,10,257,0,0,0,0,1,1,0,0,0
69,11,257,0,0,0,0,1,1,0,0,0
69,12,257,0,0,0,0,0,1,0,0,0
69,13,257,0,0,0,0,0,0,0,0,0
69,14,257,0,0,0,0,0,0,-1,-1,0
69,15,257,0,0,0,0,0,0,0,0,0
69,16,257,0,0,1,1,0,0,0,0,0
69,17,132,1,1,1,1,1,1,-1,-1,-1
69,18,252,1,1,0,0,1,1,0,0,0
69,19,252,0,0,0,0,0,1,0,0,0
69,20,252,0,0,0,0,0,0,0,0,0
69,21,252,0,0,0,0,0,0,0,0,0
69,22,252,0,0,0,1,1,0,0,0,0
69,23,248,1,1,0,0,0,1,0,0,0
69,24,248,0,0,0,0,0,0,0,0,0
69,25,248,0,0,0,0,0,0,0,0,0
69,26,248,0,0,0,0,0,0,0,0,0
69,27,248,0,0,0,0,0,0,0,-1,0
69,28,248,0,0,0,0,0,0,-1,0,0
69,29,248,0,0,0,0,0,0,0,0,0
69,30,248,0,0,0,0,0,0,0,0,0
69,31,248,0,0,0,1,0,0,0,0,0
70,1,273,1,0,0,0,0,0,0,0,0
70,2,273,0,0,0,0,0,0,0,0,0
70,3,273,0,0,0,0,0,0,0,0,0
70,4,273,0,0,0,0,0,0,0,0,0
70,5,273,0,0,1,1,0,0,0,0,0
70,6,258,1,1,1,0,0,1,0,0,0
70,7,258,0,1,1,0,0,0,0,0,0
70,8,258,0,1,1,1,1,0,0,0,0
70,9,257,1,1,1,0,0,0,0,0,0
70,10,257,0,1,1,0,0,0,0,0,0
70,11,257,0,1,1,0,0,0,0,0,0
70,12,257,0,1,1,0,0,0,0,0,0
70,13,257,0,1,1,0,0,0,0,0,0
70,14,257,0,1,1,0,0,0,0,0,0
70,15,257,0,1,1,1,0,0,0,0,0
70,16,259,1,0,1,1,1,1,0,0,0
70,17,260,1,0,0,1,1,1,0,0,0
70,18,252,1,1,0,0,0,0,0,0,0
70,19,252,0,0,0,0,0,0,0,0,0
70,20,252,0,0,0,0,0,0,-1,-1,0
70,21,252,0,0,0,0,0,0,0,0,0
70,22,252,0,0,0,1,1,0,0,0,0
70,23,248,1,1,1,0,0,0,0,0,0
70,24,248,0,1,1,0,0,0,0,0,0
70,25,248,0,1,1,0,0,0,0,0,0
70,26,248,0,1,1,0,0,0,0,0,0
70,27,248,0,1,0,0,0,0,0,0,0
70,28,248,0,0,0,0,0,0,0,0,0
70,29,248,0,0,0,0,0,0,0,0,0
70,30,248,0,0,0,0,0,0,0,0,0
70,31,248,0,0,1,1,1,0,0,0,0
